Entidad federativa,Grupo quinquenal de edad,Total,Hombres,Mujeres
Estados Unidos Mexicanos,Total,91158290,44900499,46257791
Estados Unidos Mexicanos,0 a 4 años,10724100,5449356,5274744
Estados Unidos Mexicanos,5 a 9 años,10867563,5515644,5351919
Estados Unidos Mexicanos,10 a 14 años,10670048,5404261,5265787
Estados Unidos Mexicanos,15 a 19 años,10142071,5022243,5119828
Estados Unidos Mexicanos,20 a 24 años,9397424,4538686,4858738
Estados Unidos Mexicanos,25 a 29 años,7613090,3652995,3960095
Estados Unidos Mexicanos,30 a 34 años,6564605,3152462,3412143
Estados Unidos Mexicanos,35 a 39 años,5820178,2804296,3015882
Estados Unidos Mexicanos,40 a 44 años,4434317,2173041,2261276
Estados Unidos Mexicanos,45 a 49 años,3612452,1763505,1848947
Estados Unidos Mexicanos,50 a 54 años,2896049,1418508,1477541
Estados Unidos Mexicanos,55 a 59 años,2231897,1083293,1148604
Estados Unidos Mexicanos,60 a 64 años,1941953,929650,1012303
Estados Unidos Mexicanos,65 a 69 años,1425809,674004,751805
Estados Unidos Mexicanos,70 a 74 años,1079803,521069,558734
Estados Unidos Mexicanos,75 a 79 años,666196,317553,348643
Estados Unidos Mexicanos,80 a 84 años,434120,193923,240197
Estados Unidos Mexicanos,85 a 89 años,252802,112158,140644
Estados Unidos Mexicanos,90 a 94 años,105150,44789,60361
Estados Unidos Mexicanos,95 a 99 años,49764,20716,29048
Estados Unidos Mexicanos,100 años y más,14046,5137,8909
Estados Unidos Mexicanos,No especificado,214853,103210,111643
Aguascalientes,Total,862720,422324,440396
Aguascalientes,0 a 4 años,112429,56920,55509
Aguascalientes,5 a 9 años,107680,54663,53017
Aguascalientes,10 a 14 años,104083,52977,51106
Aguascalientes,15 a 19 años,97061,48025,49036
Aguascalientes,20 a 24 años,88901,42402,46499
Aguascalientes,25 a 29 años,71839,33658,38181
Aguascalientes,30 a 34 años,62217,29478,32739
Aguascalientes,35 a 39 años,52549,25116,27433
Aguascalientes,40 a 44 años,40131,19467,20664
Aguascalientes,45 a 49 años,31678,15260,16418
Aguascalientes,50 a 54 años,24525,11930,12595
Aguascalientes,55 a 59 años,17646,8436,9210
Aguascalientes,60 a 64 años,15900,7378,8522
Aguascalientes,65 a 69 años,11870,5412,6458
Aguascalientes,70 a 74 años,9452,4438,5014
Aguascalientes,75 a 79 años,5771,2738,3033
Aguascalientes,80 a 84 años,3892,1776,2116
Aguascalientes,85 a 89 años,2428,1063,1365
Aguascalientes,90 a 94 años,975,409,566
Aguascalientes,95 a 99 años,380,154,226
Aguascalientes,100 años y más,59,17,42
Aguascalientes,No especificado,1254,607,647
Baja California,Total,2112140,1064591,1047549
Baja California,0 a 4 años,257856,131186,126670
Baja California,5 a 9 años,238928,121542,117386
Baja California,10 a 14 años,208902,106410,102492
Baja California,15 a 19 años,215142,108162,106980
Baja California,20 a 24 años,240052,121008,119044
Baja California,25 a 29 años,208348,105757,102591
Baja California,30 a 34 años,175151,88797,86354
Baja California,35 a 39 años,143144,71708,71436
Baja California,40 a 44 años,105499,52968,52531
Baja California,45 a 49 años,80606,39883,40723
Baja California,50 a 54 años,64059,31978,32081
Baja California,55 a 59 años,47838,23550,24288
Baja California,60 a 64 años,40558,19816,20742
Baja California,65 a 69 años,29724,14528,15196
Baja California,70 a 74 años,21048,10598,10450
Baja California,75 a 79 años,12270,6068,6202
Baja California,80 a 84 años,7248,3211,4037
Baja California,85 a 89 años,3702,1516,2186
Baja California,90 a 94 años,1336,530,806
Baja California,95 a 99 años,572,228,344
Baja California,100 años y más,141,49,92
Baja California,No especificado,10016,5098,4918
Baja California Sur,Total,375494,191013,184481
Baja California Sur,0 a 4 años,42732,21829,20903
Baja California Sur,5 a 9 años,42977,21914,21063
Baja California Sur,10 a 14 años,41165,21139,20026
Baja California Sur,15 a 19 años,40586,20591,19995
Baja California Sur,20 a 24 años,39231,19607,19624
Baja California Sur,25 a 29 años,34454,17321,17133
Baja California Sur,30 a 34 años,30976,15373,15603
Baja California Sur,35 a 39 años,26784,13577,13207
Baja California Sur,40 a 44 años,19764,10270,9494
Baja California Sur,45 a 49 años,14905,7786,7119
Baja California Sur,50 a 54 años,11611,6110,5501
Baja California Sur,55 a 59 años,8618,4574,4044
Baja California Sur,60 a 64 años,6868,3545,3323
Baja California Sur,65 a 69 años,5061,2574,2487
Baja California Sur,70 a 74 años,3560,1870,1690
Baja California Sur,75 a 79 años,2353,1140,1213
Baja California Sur,80 a 84 años,1430,657,773
Baja California Sur,85 a 89 años,795,355,440
Baja California Sur,90 a 94 años,321,131,190
Baja California Sur,95 a 99 años,149,46,103
Baja California Sur,100 años y más,35,13,22
Baja California Sur,No especificado,1119,591,528
Campeche,Total,642516,322991,319525
Campeche,0 a 4 años,80026,40710,39316
Campeche,5 a 9 años,80680,40787,39893
Campeche,10 a 14 años,77875,39434,38441
Campeche,15 a 19 años,71464,35725,35739
Campeche,20 a 24 años,64693,31663,33030
Campeche,25 a 29 años,52129,25406,26723
Campeche,30 a 34 años,45219,22241,22978
Campeche,35 a 39 años,40558,20102,20456
Campeche,40 a 44 años,30851,15718,15133
Campeche,45 a 49 años,24521,12510,12011
Campeche,50 a 54 años,18502,9543,8959
Campeche,55 a 59 años,14680,7439,7241
Campeche,60 a 64 años,12842,6619,6223
Campeche,65 a 69 años,9347,4867,4480
Campeche,70 a 74 años,7362,3982,3380
Campeche,75 a 79 años,4504,2443,2061
Campeche,80 a 84 años,2674,1408,1266
Campeche,85 a 89 años,1449,766,683
Campeche,90 a 94 años,682,363,319
Campeche,95 a 99 años,304,162,142
Campeche,100 años y más,125,57,68
Campeche,No especificado,2029,1046,983
Coahuila de Zaragoza,Total,2173775,1080594,1093181
Coahuila de Zaragoza,0 a 4 años,253150,128620,124530
Coahuila de Zaragoza,5 a 9 años,241326,122663,118663
Coahuila de Zaragoza,10 a 14 años,236394,119915,116479
Coahuila de Zaragoza,15 a 19 años,240739,120684,120055
Coahuila de Zaragoza,20 a 24 años,231564,113983,117581
Coahuila de Zaragoza,25 a 29 años,187979,91537,96442
Coahuila de Zaragoza,30 a 34 años,164412,79968,84444
Coahuila de Zaragoza,35 a 39 años,143230,69986,73244
Coahuila de Zaragoza,40 a 44 años,109439,54275,55164
Coahuila de Zaragoza,45 a 49 años,90101,44548,45553
Coahuila de Zaragoza,50 a 54 años,72230,35823,36407
Coahuila de Zaragoza,55 a 59 años,56802,28056,28746
Coahuila de Zaragoza,60 a 64 años,47416,23213,24203
Coahuila de Zaragoza,65 a 69 años,35309,16920,18389
Coahuila de Zaragoza,70 a 74 años,25443,12520,12923
Coahuila de Zaragoza,75 a 79 años,15572,7592,7980
Coahuila de Zaragoza,80 a 84 años,9618,4404,5214
Coahuila de Zaragoza,85 a 89 años,5983,2610,3373
Coahuila de Zaragoza,90 a 94 años,2044,904,1140
Coahuila de Zaragoza,95 a 99 años,873,370,503
Coahuila de Zaragoza,100 años y más,169,66,103
Coahuila de Zaragoza,No especificado,3982,1937,2045
Colima,Total,488028,242787,245241
Colima,0 a 4 años,54512,28006,26506
Colima,5 a 9 años,57304,29014,28290
Colima,10 a 14 años,57444,29269,28175
Colima,15 a 19 años,55665,27879,27786
Colima,20 a 24 años,50183,24385,25798
Colima,25 a 29 años,39747,18987,20760
Colima,30 a 34 años,35694,17201,18493
Colima,35 a 39 años,32099,15693,16406
Colima,40 a 44 años,24674,12314,12360
Colima,45 a 49 años,19427,9797,9630
Colima,50 a 54 años,15550,7739,7811
Colima,55 a 59 años,11815,5949,5866
Colima,60 a 64 años,9813,4778,5035
Colima,65 a 69 años,7519,3722,3797
Colima,70 a 74 años,6251,3167,3084
Colima,75 a 79 años,4261,2092,2169
Colima,80 a 84 años,2778,1289,1489
Colima,85 a 89 años,1551,740,811
Colima,90 a 94 años,659,292,367
Colima,95 a 99 años,335,138,197
Colima,100 años y más,74,34,40
Colima,No especificado,673,302,371
Chiapas,Total,3584786,1790580,1794206
Chiapas,0 a 4 años,501668,253905,247763
Chiapas,5 a 9 años,509161,257540,251621
Chiapas,10 a 14 años,473016,239795,233221
Chiapas,15 a 19 años,417806,206179,211627
Chiapas,20 a 24 años,339774,163857,175917
Chiapas,25 a 29 años,273873,131357,142516
Chiapas,30 a 34 años,222885,109684,113201
Chiapas,35 a 39 años,207954,102135,105819
Chiapas,40 a 44 años,151151,76939,74212
Chiapas,45 a 49 años,124169,62898,61271
Chiapas,50 a 54 años,96273,49650,46623
Chiapas,55 a 59 años,71025,36280,34745
Chiapas,60 a 64 años,61519,31695,29824
Chiapas,65 a 69 años,40548,20533,20015
Chiapas,70 a 74 años,31734,16544,15190
Chiapas,75 a 79 años,18589,9796,8793
Chiapas,80 a 84 años,13071,6495,6576
Chiapas,85 a 89 años,6412,3299,3113
Chiapas,90 a 94 años,3612,1833,1779
Chiapas,95 a 99 años,1848,908,940
Chiapas,100 años y más,1074,539,535
Chiapas,No especificado,17624,8719,8905
Chihuahua,Total,2793537,1391914,1401623
Chihuahua,0 a 4 años,330996,168403,162593
Chihuahua,5 a 9 años,320170,162991,157179
Chihuahua,10 a 14 años,293173,149003,144170
Chihuahua,15 a 19 años,291853,146786,145067
Chihuahua,20 a 24 años,299966,148984,150982
Chihuahua,25 a 29 años,254432,125406,129026
Chihuahua,30 a 34 años,216249,106152,110097
Chihuahua,35 a 39 años,181098,88099,92999
Chihuahua,40 a 44 años,134678,66021,68657
Chihuahua,45 a 49 años,110031,53545,56486
Chihuahua,50 a 54 años,93325,45975,47350
Chihuahua,55 a 59 años,74656,36676,37980
Chihuahua,60 a 64 años,63150,31027,32123
Chihuahua,65 a 69 años,45828,22185,23643
Chihuahua,70 a 74 años,32628,16266,16362
Chihuahua,75 a 79 años,19503,9418,10085
Chihuahua,80 a 84 años,12527,5836,6691
Chihuahua,85 a 89 años,7069,3174,3895
Chihuahua,90 a 94 años,2387,1033,1354
Chihuahua,95 a 99 años,988,428,560
Chihuahua,100 años y más,218,90,128
Chihuahua,No especificado,8612,4416,4196
Ciudad de México,Total,8489007,4075902,4413105
Ciudad de México,0 a 4 años,780705,397471,383234
Ciudad de México,5 a 9 años,785466,399659,385807
Ciudad de México,10 a 14 años,781808,394202,387606
Ciudad de México,15 a 19 años,848416,412443,435973
Ciudad de México,20 a 24 años,964075,464586,499489
Ciudad de México,25 a 29 años,826960,398800,428160
Ciudad de México,30 a 34 años,725263,343863,381400
Ciudad de México,35 a 39 años,643428,303002,340426
Ciudad de México,40 a 44 años,499935,236398,263537
Ciudad de México,45 a 49 años,402093,188011,214082
Ciudad de México,50 a 54 años,325253,151341,173912
Ciudad de México,55 a 59 años,235829,106781,129048
Ciudad de México,60 a 64 años,212782,92245,120537
Ciudad de México,65 a 69 años,158713,66784,91929
Ciudad de México,70 a 74 años,119920,50741,69179
Ciudad de México,75 a 79 años,71291,29171,42120
Ciudad de México,80 a 84 años,46687,17256,29431
Ciudad de México,85 a 89 años,26414,9414,17000
Ciudad de México,90 a 94 años,10508,3492,7016
Ciudad de México,95 a 99 años,4126,1269,2857
Ciudad de México,100 años y más,685,186,499
Ciudad de México,No especificado,18650,8787,9863
Durango,Total,1431748,709268,722480
Durango,0 a 4 años,175246,89065,86181
Durango,5 a 9 años,180229,91542,88687
Durango,10 a 14 años,175910,89312,86598
Durango,15 a 19 años,165403,83030,82373
Durango,20 a 24 años,140244,68068,72176
Durango,25 a 29 años,109163,51815,57348
Durango,30 a 34 años,95654,45515,50139
Durango,35 a 39 años,83865,40309,43556
Durango,40 a 44 años,64382,31247,33135
Durango,45 a 49 años,54268,26415,27853
Durango,50 a 54 años,45710,22699,23011
Durango,55 a 59 años,37306,18511,18795
Durango,60 a 64 años,33863,16789,17074
Durango,65 a 69 años,24605,12220,12385
Durango,70 a 74 años,17811,9022,8789
Durango,75 a 79 años,10563,5306,5257
Durango,80 a 84 años,7168,3453,3715
Durango,85 a 89 años,4640,2213,2427
Durango,90 a 94 años,1612,762,850
Durango,95 a 99 años,692,303,389
Durango,100 años y más,189,59,130
Durango,No especificado,3225,1613,1612
Guanajuato,Total,4406568,2139104,2267464
Guanajuato,0 a 4 años,561702,284585,277117
Guanajuato,5 a 9 años,561618,284373,277245
Guanajuato,10 a 14 años,557242,280314,276928
Guanajuato,15 a 19 años,513332,248784,264548
Guanajuato,20 a 24 años,443945,204358,239587
Guanajuato,25 a 29 años,345170,159824,185346
Guanajuato,30 a 34 años,292316,136510,155806
Guanajuato,35 a 39 años,255552,121364,134188
Guanajuato,40 a 44 años,196209,94705,101504
Guanajuato,45 a 49 años,157073,75860,81213
Guanajuato,50 a 54 años,127784,61421,66363
Guanajuato,55 a 59 años,96922,46387,50535
Guanajuato,60 a 64 años,90404,42947,47457
Guanajuato,65 a 69 años,67006,31703,35303
Guanajuato,70 a 74 años,53790,26018,27772
Guanajuato,75 a 79 años,31365,14860,16505
Guanajuato,80 a 84 años,23999,10900,13099
Guanajuato,85 a 89 años,14196,6651,7545
Guanajuato,90 a 94 años,6241,2787,3454
Guanajuato,95 a 99 años,2681,1132,1549
Guanajuato,100 años y más,551,174,377
Guanajuato,No especificado,7470,3447,4023
Guerrero,Total,2916567,1433417,1483150
Guerrero,0 a 4 años,388050,197290,190760
Guerrero,5 a 9 años,399798,202850,196948
Guerrero,10 a 14 años,387415,196670,190745
Guerrero,15 a 19 años,336443,166520,169923
Guerrero,20 a 24 años,265340,126456,138884
Guerrero,25 a 29 años,205582,96854,108728
Guerrero,30 a 34 años,177944,84143,93801
Guerrero,35 a 39 años,165407,78286,87121
Guerrero,40 a 44 años,126571,61736,64835
Guerrero,45 a 49 años,106096,51070,55026
Guerrero,50 a 54 años,86328,41907,44421
Guerrero,55 a 59 años,67228,32323,34905
Guerrero,60 a 64 años,63816,30678,33138
Guerrero,65 a 69 años,42877,20447,22430
Guerrero,70 a 74 años,35686,17264,18422
Guerrero,75 a 79 años,20694,10275,10419
Guerrero,80 a 84 años,14734,6795,7939
Guerrero,85 a 89 años,7581,3613,3968
Guerrero,90 a 94 años,3822,1675,2147
Guerrero,95 a 99 años,2028,911,1117
Guerrero,100 años y más,894,360,534
Guerrero,No especificado,12233,5294,6939
Hidalgo,Total,2112473,1042566,1069907
Hidalgo,0 a 4 años,252617,128449,124168
Hidalgo,5 a 9 años,265590,134122,131468
Hidalgo,10 a 14 años,269753,136420,133333
Hidalgo,15 a 19 años,239592,119944,119648
Hidalgo,20 a 24 años,201620,96765,104855
Hidalgo,25 a 29 años,162352,77241,85111
Hidalgo,30 a 34 años,141617,67019,74598
Hidalgo,35 a 39 años,132294,63858,68436
Hidalgo,40 a 44 años,98208,49155,49053
Hidalgo,45 a 49 años,83345,41453,41892
Hidalgo,50 a 54 años,65824,32702,33122
Hidalgo,55 a 59 años,51647,25527,26120
Hidalgo,60 a 64 años,44554,21660,22894
Hidalgo,65 a 69 años,33606,16024,17582
Hidalgo,70 a 74 años,26160,12722,13438
Hidalgo,75 a 79 años,17386,8437,8949
Hidalgo,80 a 84 años,10546,4619,5927
Hidalgo,85 a 89 años,6056,2564,3492
Hidalgo,90 a 94 años,2712,1043,1669
Hidalgo,95 a 99 años,1473,557,916
Hidalgo,100 años y más,514,148,366
Hidalgo,No especificado,5007,2137,2870
Jalisco,Total,5991176,2923921,3067255
Jalisco,0 a 4 años,701617,356974,344643
Jalisco,5 a 9 años,717968,364579,353389
Jalisco,10 a 14 años,715201,362767,352434
Jalisco,15 a 19 años,676896,333050,343846
Jalisco,20 a 24 años,615402,291850,323552
Jalisco,25 a 29 años,482529,225997,256532
Jalisco,30 a 34 años,413098,193534,219564
Jalisco,35 a 39 años,365641,173020,192621
Jalisco,40 a 44 años,291118,139687,151431
Jalisco,45 a 49 años,237708,115217,122491
Jalisco,50 a 54 años,192416,93304,99112
Jalisco,55 a 59 años,143341,68852,74489
Jalisco,60 a 64 años,125183,58712,66471
Jalisco,65 a 69 años,95384,44832,50552
Jalisco,70 a 74 años,79247,37374,41873
Jalisco,75 a 79 años,53066,25061,28005
Jalisco,80 a 84 años,36385,16501,19884
Jalisco,85 a 89 años,19954,8852,11102
Jalisco,90 a 94 años,8299,3529,4770
Jalisco,95 a 99 años,3510,1477,2033
Jalisco,100 años y más,820,288,532
Jalisco,No especificado,16393,8464,7929
México,Total,11707964,5776054,5931910
México,0 a 4 años,1364484,692929,671555
México,5 a 9 años,1382651,701280,681371
México,10 a 14 años,1344420,678340,666080
México,15 a 19 años,1305765,648259,657506
México,20 a 24 años,1295228,629684,665544
México,25 a 29 años,1058142,511944,546198
México,30 a 34 años,913299,439328,473971
México,35 a 39 años,793800,384902,408898
México,40 a 44 años,586683,290564,296119
México,45 a 49 años,457065,225645,231420
México,50 a 54 años,349220,172646,176574
México,55 a 59 años,251155,122363,128792
México,60 a 64 años,204472,96996,107476
México,65 a 69 años,145024,67125,77899
México,70 a 74 años,101342,47057,54285
México,75 a 79 años,59674,27032,32642
México,80 a 84 años,34930,14403,20527
México,85 a 89 años,21492,8568,12924
México,90 a 94 años,8673,3229,5444
México,95 a 99 años,4715,1668,3047
México,100 años y más,1000,259,741
México,No especificado,24730,11833,12897
Michoacán de Ocampo,Total,3870604,1884105,1986499
Michoacán de Ocampo,0 a 4 años,467147,236928,230219
Michoacán de Ocampo,5 a 9 años,499020,252636,246384
Michoacán de Ocampo,10 a 14 años,501490,253564,247926
Michoacán de Ocampo,15 a 19 años,457894,222492,235402
Michoacán de Ocampo,20 a 24 años,370671,171442,199229
Michoacán de Ocampo,25 a 29 años,281231,128989,152242
Michoacán de Ocampo,30 a 34 años,244357,114243,130114
Michoacán de Ocampo,35 a 39 años,221033,104658,116375
Michoacán de Ocampo,40 a 44 años,173986,84892,89094
Michoacán de Ocampo,45 a 49 años,141762,68441,73321
Michoacán de Ocampo,50 a 54 años,118272,56873,61399
Michoacán de Ocampo,55 a 59 años,91798,43955,47843
Michoacán de Ocampo,60 a 64 años,88981,42632,46349
Michoacán de Ocampo,65 a 69 años,65207,30972,34235
Michoacán de Ocampo,70 a 74 años,54355,26750,27605
Michoacán de Ocampo,75 a 79 años,32765,16287,16478
Michoacán de Ocampo,80 a 84 años,23993,11300,12693
Michoacán de Ocampo,85 a 89 años,13194,6283,6911
Michoacán de Ocampo,90 a 94 años,5932,2663,3269
Michoacán de Ocampo,95 a 99 años,2925,1289,1636
Michoacán de Ocampo,100 años y más,931,367,564
Michoacán de Ocampo,No especificado,13660,6449,7211
Morelos,Total,1442662,706081,736581
Morelos,0 a 4 años,167226,85141,82085
Morelos,5 a 9 años,166248,84621,81627
Morelos,10 a 14 años,166885,84508,82377
Morelos,15 a 19 años,161301,79242,82059
Morelos,20 a 24 años,147558,69809,77749
Morelos,25 a 29 años,117551,55332,62219
Morelos,30 a 34 años,103465,48938,54527
Morelos,35 a 39 años,95595,45429,50166
Morelos,40 a 44 años,72003,35431,36572
Morelos,45 a 49 años,58154,28428,29726
Morelos,50 a 54 años,46219,22458,23761
Morelos,55 a 59 años,36749,17581,19168
Morelos,60 a 64 años,33014,15730,17284
Morelos,65 a 69 años,25504,11976,13528
Morelos,70 a 74 años,18175,8942,9233
Morelos,75 a 79 años,10844,5315,5529
Morelos,80 a 84 años,6555,2937,3618
Morelos,85 a 89 años,4469,1979,2490
Morelos,90 a 94 años,1918,851,1067
Morelos,95 a 99 años,1076,477,599
Morelos,100 años y más,251,79,172
Morelos,No especificado,1902,877,1025
Nayarit,Total,896702,448629,448073
Nayarit,0 a 4 años,103803,52853,50950
Nayarit,5 a 9 años,110505,56418,54087
Nayarit,10 a 14 años,110790,56474,54316
Nayarit,15 a 19 años,102913,51622,51291
Nayarit,20 a 24 años,86384,42502,43882
Nayarit,25 a 29 años,66502,32220,34282
Nayarit,30 a 34 años,58527,28236,30291
Nayarit,35 a 39 años,53925,25900,28025
Nayarit,40 a 44 años,43229,21563,21666
Nayarit,45 a 49 años,35862,18025,17837
Nayarit,50 a 54 años,29721,15068,14653
Nayarit,55 a 59 años,24833,12653,12180
Nayarit,60 a 64 años,20521,10438,10083
Nayarit,65 a 69 años,16025,8081,7944
Nayarit,70 a 74 años,12263,6325,5938
Nayarit,75 a 79 años,8483,4274,4209
Nayarit,80 a 84 años,5638,2708,2930
Nayarit,85 a 89 años,3085,1483,1602
Nayarit,90 a 94 años,1252,601,651
Nayarit,95 a 99 años,633,309,324
Nayarit,100 años y más,156,71,85
Nayarit,No especificado,1652,805,847
Nuevo León,Total,3550114,1773793,1776321
Nuevo León,0 a 4 años,372590,190224,182366
Nuevo León,5 a 9 años,360813,183897,176916
Nuevo León,10 a 14 años,360951,183492,177459
Nuevo León,15 a 19 años,390485,195644,194841
Nuevo León,20 a 24 años,412575,207929,204646
Nuevo León,25 a 29 años,336502,166536,169966
Nuevo León,30 a 34 años,283907,140426,143481
Nuevo León,35 a 39 años,243192,120187,123005
Nuevo León,40 a 44 años,183087,90621,92466
Nuevo León,45 a 49 años,151856,75209,76647
Nuevo León,50 a 54 años,122905,60893,62012
Nuevo León,55 a 59 años,96263,47706,48557
Nuevo León,60 a 64 años,77359,37553,39806
Nuevo León,65 a 69 años,57318,27042,30276
Nuevo León,70 a 74 años,41030,19660,21370
Nuevo León,75 a 79 años,25120,11677,13443
Nuevo León,80 a 84 años,16178,7040,9138
Nuevo León,85 a 89 años,9406,4059,5347
Nuevo León,90 a 94 años,3497,1475,2022
Nuevo León,95 a 99 años,1256,538,718
Nuevo León,100 años y más,267,96,171
Nuevo León,No especificado,3557,1889,1668
Oaxaca,Total,3228895,1582410,1646485
Oaxaca,0 a 4 años,402105,203558,198547
Oaxaca,5 a 9 años,436486,220830,215656
Oaxaca,10 a 14 años,434282,220899,213383
Oaxaca,15 a 19 años,358526,178098,180428
Oaxaca,20 a 24 años,281574,133575,147999
Oaxaca,25 a 29 años,223026,104693,118333
Oaxaca,30 a 34 años,198336,94093,104243
Oaxaca,35 a 39 años,183926,86730,97196
Oaxaca,40 a 44 años,143539,69431,74108
Oaxaca,45 a 49 años,123361,58894,64467
Oaxaca,50 a 54 años,103778,49639,54139
Oaxaca,55 a 59 años,83816,39984,43832
Oaxaca,60 a 64 años,78424,37683,40741
Oaxaca,65 a 69 años,55762,26632,29130
Oaxaca,70 a 74 años,43471,21251,22220
Oaxaca,75 a 79 años,28012,13617,14395
Oaxaca,80 a 84 años,18426,8419,10007
Oaxaca,85 a 89 años,9835,4628,5207
Oaxaca,90 a 94 años,4457,1928,2529
Oaxaca,95 a 99 años,2299,976,1323
Oaxaca,100 años y más,731,291,440
Oaxaca,No especificado,14723,6561,8162
Puebla,Total,4624365,2253476,2370889
Puebla,0 a 4 años,574929,290579,284350
Puebla,5 a 9 años,594003,300772,293231
Puebla,10 a 14 años,591644,299025,292619
Puebla,15 a 19 años,526378,259523,266855
Puebla,20 a 24 años,447281,212862,234419
Puebla,25 a 29 años,351785,165411,186374
Puebla,30 a 34 años,299213,140849,158364
Puebla,35 a 39 años,275167,129853,145314
Puebla,40 a 44 años,207950,100039,107911
Puebla,45 a 49 años,175518,83337,92181
Puebla,50 a 54 años,139750,66956,72794
Puebla,55 a 59 años,113605,53333,60272
Puebla,60 a 64 años,100868,47280,53588
Puebla,65 a 69 años,76919,35373,41546
Puebla,70 a 74 años,57670,27227,30443
Puebla,75 a 79 años,38212,18186,20026
Puebla,80 a 84 años,22993,9964,13029
Puebla,85 a 89 años,14447,6285,8162
Puebla,90 a 94 años,6218,2547,3671
Puebla,95 a 99 años,3474,1354,2120
Puebla,100 años y más,1010,311,699
Puebla,No especificado,5331,2410,2921
Querétaro,Total,1250476,615484,634992
Querétaro,0 a 4 años,159062,80413,78649
Querétaro,5 a 9 años,159715,80724,78991
Querétaro,10 a 14 años,155971,78843,77128
Querétaro,15 a 19 años,145338,71349,73989
Querétaro,20 a 24 años,130819,62591,68228
Querétaro,25 a 29 años,103287,49042,54245
Querétaro,30 a 34 años,89066,42868,46198
Querétaro,35 a 39 años,77155,37633,39522
Querétaro,40 a 44 años,56445,28124,28321
Querétaro,45 a 49 años,43552,21587,21965
Querétaro,50 a 54 años,33922,16851,17071
Querétaro,55 a 59 años,25227,12280,12947
Querétaro,60 a 64 años,21951,10393,11558
Querétaro,65 a 69 años,15847,7473,8374
Querétaro,70 a 74 años,12377,5987,6390
Querétaro,75 a 79 años,7532,3497,4035
Querétaro,80 a 84 años,5166,2238,2928
Querétaro,85 a 89 años,3162,1399,1763
Querétaro,90 a 94 años,1288,562,726
Querétaro,95 a 99 años,639,255,384
Querétaro,100 años y más,140,46,94
Querétaro,No especificado,2815,1329,1486
Quintana Roo,Total,703536,361459,342077
Quintana Roo,0 a 4 años,96834,49230,47604
Quintana Roo,5 a 9 años,87369,44445,42924
Quintana Roo,10 a 14 años,77546,39550,37996
Quintana Roo,15 a 19 años,75509,38095,37414
Quintana Roo,20 a 24 años,81267,41218,40049
Quintana Roo,25 a 29 años,72421,37052,35369
Quintana Roo,30 a 34 años,58722,30204,28518
Quintana Roo,35 a 39 años,45621,23653,21968
Quintana Roo,40 a 44 años,31617,16799,14818
Quintana Roo,45 a 49 años,23400,12479,10921
Quintana Roo,50 a 54 años,16174,8719,7455
Quintana Roo,55 a 59 años,11398,6034,5364
Quintana Roo,60 a 64 años,8972,4747,4225
Quintana Roo,65 a 69 años,5655,3053,2602
Quintana Roo,70 a 74 años,4227,2391,1836
Quintana Roo,75 a 79 años,2473,1403,1070
Quintana Roo,80 a 84 años,1392,791,601
Quintana Roo,85 a 89 años,710,408,302
Quintana Roo,90 a 94 años,303,158,145
Quintana Roo,95 a 99 años,142,70,72
Quintana Roo,100 años y más,63,37,26
Quintana Roo,No especificado,1721,923,798
San Luis Potosí,Total,2200763,1087500,1113263
San Luis Potosí,0 a 4 años,279967,141909,138058
San Luis Potosí,5 a 9 años,278902,141801,137101
San Luis Potosí,10 a 14 años,277578,140700,136878
San Luis Potosí,15 a 19 años,246271,122685,123586
San Luis Potosí,20 a 24 años,206873,99110,107763
San Luis Potosí,25 a 29 años,164964,77995,86969
San Luis Potosí,30 a 34 años,143446,68229,75217
San Luis Potosí,35 a 39 años,127109,61324,65785
San Luis Potosí,40 a 44 años,98704,48276,50428
San Luis Potosí,45 a 49 años,83724,41175,42549
San Luis Potosí,50 a 54 años,69022,33914,35108
San Luis Potosí,55 a 59 años,57161,28230,28931
San Luis Potosí,60 a 64 años,51004,25035,25969
San Luis Potosí,65 a 69 años,38714,19067,19647
San Luis Potosí,70 a 74 años,29252,14890,14362
San Luis Potosí,75 a 79 años,16847,8488,8359
San Luis Potosí,80 a 84 años,12110,5735,6375
San Luis Potosí,85 a 89 años,7959,3768,4191
San Luis Potosí,90 a 94 años,3550,1639,1911
San Luis Potosí,95 a 99 años,1557,689,868
San Luis Potosí,100 años y más,403,131,272
San Luis Potosí,No especificado,5646,2710,2936
Sinaloa,Total,2425675,1216415,1209260
Sinaloa,0 a 4 años,281823,143911,137912
Sinaloa,5 a 9 años,283285,143939,139346
Sinaloa,10 a 14 años,282968,143623,139345
Sinaloa,15 a 19 años,283114,142881,140233
Sinaloa,20 a 24 años,254765,127511,127254
Sinaloa,25 a 29 años,195551,95466,100085
Sinaloa,30 a 34 años,169208,81771,87437
Sinaloa,35 a 39 años,153271,74295,78976
Sinaloa,40 a 44 años,120409,60004,60405
Sinaloa,45 a 49 años,97272,48985,48287
Sinaloa,50 a 54 años,79839,41054,38785
Sinaloa,55 a 59 años,62917,32389,30528
Sinaloa,60 a 64 años,50727,25879,24848
Sinaloa,65 a 69 años,37861,19148,18713
Sinaloa,70 a 74 años,28195,14339,13856
Sinaloa,75 a 79 años,18345,9100,9245
Sinaloa,80 a 84 años,11668,5445,6223
Sinaloa,85 a 89 años,6781,3057,3724
Sinaloa,90 a 94 años,2358,1037,1321
Sinaloa,95 a 99 años,1151,513,638
Sinaloa,100 años y más,335,137,198
Sinaloa,No especificado,3832,1931,1901
Sonora,Total,2085536,1048933,1036603
Sonora,0 a 4 años,239515,122220,117295
Sonora,5 a 9 años,233167,118417,114750
Sonora,10 a 14 años,225173,114032,111141
Sonora,15 a 19 años,225130,113890,111240
Sonora,20 a 24 años,219665,110207,109458
Sonora,25 a 29 años,180457,89374,91083
Sonora,30 a 34 años,159506,78380,81126
Sonora,35 a 39 años,143298,70923,72375
Sonora,40 a 44 años,108710,54787,53923
Sonora,45 a 49 años,85758,43323,42435
Sonora,50 a 54 años,69920,35410,34510
Sonora,55 a 59 años,55615,28127,27488
Sonora,60 a 64 años,45734,23133,22601
Sonora,65 a 69 años,34319,17249,17070
Sonora,70 a 74 años,24339,12493,11846
Sonora,75 a 79 años,15612,7755,7857
Sonora,80 a 84 años,8887,3981,4906
Sonora,85 a 89 años,4846,2144,2702
Sonora,90 a 94 años,1536,685,851
Sonora,95 a 99 años,701,305,396
Sonora,100 años y más,183,63,120
Sonora,No especificado,3465,2035,1430
Tabasco,Total,1748769,872243,876526
Tabasco,0 a 4 años,216423,109644,106779
Tabasco,5 a 9 años,224135,113280,110855
Tabasco,10 a 14 años,225955,114091,111864
Tabasco,15 a 19 años,207996,102227,105769
Tabasco,20 a 24 años,180648,86928,93720
Tabasco,25 a 29 años,143820,69173,74647
Tabasco,30 a 34 años,123023,60444,62579
Tabasco,35 a 39 años,110421,54958,55463
Tabasco,40 a 44 años,79309,40278,39031
Tabasco,45 a 49 años,61601,31405,30196
Tabasco,50 a 54 años,46169,23567,22602
Tabasco,55 a 59 años,36478,18626,17852
Tabasco,60 a 64 años,30607,15588,15019
Tabasco,65 a 69 años,21043,10624,10419
Tabasco,70 a 74 años,15449,8327,7122
Tabasco,75 a 79 años,9585,4988,4597
Tabasco,80 a 84 años,6064,3121,2943
Tabasco,85 a 89 años,3781,1948,1833
Tabasco,90 a 94 años,1715,870,845
Tabasco,95 a 99 años,982,484,498
Tabasco,100 años y más,523,227,296
Tabasco,No especificado,3042,1445,1597
Tamaulipas,Total,2527328,1254700,1272628
Tamaulipas,0 a 4 años,282902,144467,138435
Tamaulipas,5 a 9 años,270441,138027,132414
Tamaulipas,10 a 14 años,263237,133432,129805
Tamaulipas,15 a 19 años,275684,137625,138059
Tamaulipas,20 a 24 años,274901,134302,140599
Tamaulipas,25 a 29 años,229796,111930,117866
Tamaulipas,30 a 34 años,195075,95548,99527
Tamaulipas,35 a 39 años,168254,82499,85755
Tamaulipas,40 a 44 años,126389,62336,64053
Tamaulipas,45 a 49 años,103927,50597,53330
Tamaulipas,50 a 54 años,86224,42550,43674
Tamaulipas,55 a 59 años,70066,34462,35604
Tamaulipas,60 a 64 años,59763,29003,30760
Tamaulipas,65 a 69 años,43449,21018,22431
Tamaulipas,70 a 74 años,31519,15467,16052
Tamaulipas,75 a 79 años,17911,8539,9372
Tamaulipas,80 a 84 años,11705,5402,6303
Tamaulipas,85 a 89 años,7576,3517,4059
Tamaulipas,90 a 94 años,2914,1346,1568
Tamaulipas,95 a 99 años,1220,561,659
Tamaulipas,100 años y más,296,116,180
Tamaulipas,No especificado,4079,1956,2123
Tlaxcala,Total,883924,435390,448534
Tlaxcala,0 a 4 años,106844,54455,52389
Tlaxcala,5 a 9 años,109410,55694,53716
Tlaxcala,10 a 14 años,110597,55744,54853
Tlaxcala,15 a 19 años,103743,51416,52327
Tlaxcala,20 a 24 años,90107,43311,46796
Tlaxcala,25 a 29 años,71169,33868,37301
Tlaxcala,30 a 34 años,61544,29238,32306
Tlaxcala,35 a 39 años,54029,25910,28119
Tlaxcala,40 a 44 años,38503,18878,19625
Tlaxcala,45 a 49 años,31649,15480,16169
Tlaxcala,50 a 54 años,25113,12321,12792
Tlaxcala,55 a 59 años,20211,9745,10466
Tlaxcala,60 a 64 años,18174,8695,9479
Tlaxcala,65 a 69 años,14448,6931,7517
Tlaxcala,70 a 74 años,10838,5324,5514
Tlaxcala,75 a 79 años,7367,3620,3747
Tlaxcala,80 a 84 años,4334,2094,2240
Tlaxcala,85 a 89 años,3127,1477,1650
Tlaxcala,90 a 94 años,1238,557,681
Tlaxcala,95 a 99 años,643,268,375
Tlaxcala,100 años y más,138,43,95
Tlaxcala,No especificado,698,321,377
Veracruz de Ignacio de la Llave,Total,6737324,3323880,3413444
Veracruz de Ignacio de la Llave,0 a 4 años,776467,395230,381237
Veracruz de Ignacio de la Llave,5 a 9 años,808231,410700,397531
Veracruz de Ignacio de la Llave,10 a 14 años,807421,410912,396509
Veracruz de Ignacio de la Llave,15 a 19 años,735362,366861,368501
Veracruz de Ignacio de la Llave,20 a 24 años,647799,311116,336683
Veracruz de Ignacio de la Llave,25 a 29 años,543854,259835,284019
Veracruz de Ignacio de la Llave,30 a 34 años,474740,228981,245759
Veracruz de Ignacio de la Llave,35 a 39 años,432316,208089,224227
Veracruz de Ignacio de la Llave,40 a 44 años,336144,164379,171765
Veracruz de Ignacio de la Llave,45 a 49 años,284928,139122,145806
Veracruz de Ignacio de la Llave,50 a 54 años,227050,111635,115415
Veracruz de Ignacio de la Llave,55 a 59 años,183424,89307,94117
Veracruz de Ignacio de la Llave,60 a 64 años,154740,74398,80342
Veracruz de Ignacio de la Llave,65 a 69 años,112997,53595,59402
Veracruz de Ignacio de la Llave,70 a 74 años,82096,40157,41939
Veracruz de Ignacio de la Llave,75 a 79 años,51656,24807,26849
Veracruz de Ignacio de la Llave,80 a 84 años,32694,14679,18015
Veracruz de Ignacio de la Llave,85 a 89 años,19582,8781,10801
Veracruz de Ignacio de la Llave,90 a 94 años,8609,3695,4914
Veracruz de Ignacio de la Llave,95 a 99 años,4665,2070,2595
Veracruz de Ignacio de la Llave,100 años y más,1732,645,1087
Veracruz de Ignacio de la Llave,No especificado,10817,4886,5931
Yucatán,Total,1556622,773435,783187
Yucatán,0 a 4 años,178063,90324,87739
Yucatán,5 a 9 años,182490,92524,89966
Yucatán,10 a 14 años,180223,91435,88788
Yucatán,15 a 19 años,170674,84925,85749
Yucatán,20 a 24 años,157458,77339,80119
Yucatán,25 a 29 años,120066,58455,61611
Yucatán,30 a 34 años,105949,51436,54513
Yucatán,35 a 39 años,95371,46353,49018
Yucatán,40 a 44 años,79077,38730,40347
Yucatán,45 a 49 años,68487,33760,34727
Yucatán,50 a 54 años,51694,25443,26251
Yucatán,55 a 59 años,41577,20340,21237
Yucatán,60 a 64 años,35797,17516,18281
Yucatán,65 a 69 años,27734,13676,14058
Yucatán,70 a 74 años,23662,12011,11651
Yucatán,75 a 79 años,16966,8731,8235
Yucatán,80 a 84 años,9959,4847,5112
Yucatán,85 a 89 años,5616,2769,2847
Yucatán,90 a 94 años,2127,998,1129
Yucatán,95 a 99 años,794,377,417
Yucatán,100 años y más,147,64,83
Yucatán,No especificado,2691,1382,1309
Zacatecas,Total,1336496,655540,680956
Zacatecas,0 a 4 años,160610,81928,78682
Zacatecas,5 a 9 años,171797,87400,84397
Zacatecas,10 a 14 años,173536,87970,85566
Zacatecas,15 a 19 años,159590,77607,81983
Zacatecas,20 a 24 años,126861,59278,67583
Zacatecas,25 a 29 años,98409,45720,52689
Zacatecas,30 a 34 años,84527,39772,44755
Zacatecas,35 a 39 años,73092,34745,38347
Zacatecas,40 a 44 años,55923,27009,28914
Zacatecas,45 a 49 años,48555,23360,25195
Zacatecas,50 a 54 años,41667,20389,21278
Zacatecas,55 a 59 años,34251,16837,17414
Zacatecas,60 a 64 años,32177,15849,16328
Zacatecas,65 a 69 años,24586,12218,12368
Zacatecas,70 a 74 años,19451,9945,9506
Zacatecas,75 a 79 años,11604,5840,5764
Zacatecas,80 a 84 años,8671,4219,4452
Zacatecas,85 a 89 años,5504,2775,2729
Zacatecas,90 a 94 años,2355,1165,1190
Zacatecas,95 a 99 años,933,430,503
Zacatecas,100 años y más,192,74,118
Zacatecas,No especificado,2205,1010,1195
