Entidad federativa,Grupo quinquenal de edad,Total,Hombres,Mujeres
Estados Unidos Mexicanos,Total,112336538,54855231,57481307
Estados Unidos Mexicanos,0 a 4 años,10528322,5346943,5181379
Estados Unidos Mexicanos,5 a 9 años,11047537,5604175,5443362
Estados Unidos Mexicanos,10 a 14 años,10939937,5547613,5392324
Estados Unidos Mexicanos,15 a 19 años,11026112,5520121,5505991
Estados Unidos Mexicanos,20 a 24 años,9892271,4813204,5079067
Estados Unidos Mexicanos,25 a 29 años,8788177,4205975,4582202
Estados Unidos Mexicanos,30 a 34 años,8470798,4026031,4444767
Estados Unidos Mexicanos,35 a 39 años,8292987,3964738,4328249
Estados Unidos Mexicanos,40 a 44 años,7009226,3350322,3658904
Estados Unidos Mexicanos,45 a 49 años,5928730,2824364,3104366
Estados Unidos Mexicanos,50 a 54 años,5064291,2402451,2661840
Estados Unidos Mexicanos,55 a 59 años,3895365,1869537,2025828
Estados Unidos Mexicanos,60 a 64 años,3116466,1476667,1639799
Estados Unidos Mexicanos,65 a 69 años,2317265,1095273,1221992
Estados Unidos Mexicanos,70 a 74 años,1873934,873893,1000041
Estados Unidos Mexicanos,75 a 79 años,1245483,579689,665794
Estados Unidos Mexicanos,80 a 84 años,798936,355277,443659
Estados Unidos Mexicanos,85 a 89 años,454164,197461,256703
Estados Unidos Mexicanos,90 a 94 años,164924,68130,96794
Estados Unidos Mexicanos,95 a 99 años,65732,25920,39812
Estados Unidos Mexicanos,100 años y más,18475,7228,11247
Estados Unidos Mexicanos,No especificado,1397406,700219,697187
Aguascalientes,Total,1184996,576638,608358
Aguascalientes,0 a 4 años,121557,61941,59616
Aguascalientes,5 a 9 años,128874,65572,63302
Aguascalientes,10 a 14 años,123806,62615,61191
Aguascalientes,15 a 19 años,121428,60636,60792
Aguascalientes,20 a 24 años,106305,51431,54874
Aguascalientes,25 a 29 años,93604,44568,49036
Aguascalientes,30 a 34 años,88726,41962,46764
Aguascalientes,35 a 39 años,86254,40569,45685
Aguascalientes,40 a 44 años,73084,34381,38703
Aguascalientes,45 a 49 años,60198,28420,31778
Aguascalientes,50 a 54 años,49980,23436,26544
Aguascalientes,55 a 59 años,37543,17960,19583
Aguascalientes,60 a 64 años,29258,13686,15572
Aguascalientes,65 a 69 años,21004,9895,11109
Aguascalientes,70 a 74 años,15254,6967,8287
Aguascalientes,75 a 79 años,10673,4862,5811
Aguascalientes,80 a 84 años,7228,3094,4134
Aguascalientes,85 a 89 años,4061,1780,2281
Aguascalientes,90 a 94 años,1467,605,862
Aguascalientes,95 a 99 años,551,229,322
Aguascalientes,100 años y más,109,45,64
Aguascalientes,No especificado,4032,1984,2048
Baja California,Total,3155070,1591610,1563460
Baja California,0 a 4 años,293234,149167,144067
Baja California,5 a 9 años,303180,153886,149294
Baja California,10 a 14 años,305472,155483,149989
Baja California,15 a 19 años,299195,152077,147118
Baja California,20 a 24 años,286479,144597,141882
Baja California,25 a 29 años,265428,133546,131882
Baja California,30 a 34 años,264023,132857,131166
Baja California,35 a 39 años,264063,135331,128732
Baja California,40 a 44 años,215049,110722,104327
Baja California,45 a 49 años,171104,86928,84176
Baja California,50 a 54 años,136690,68093,68597
Baja California,55 a 59 años,97874,48250,49624
Baja California,60 a 64 años,75229,36151,39078
Baja California,65 a 69 años,52560,25086,27474
Baja California,70 a 74 años,37742,17956,19786
Baja California,75 a 79 años,24055,11223,12832
Baja California,80 a 84 años,14744,6578,8166
Baja California,85 a 89 años,7764,3360,4404
Baja California,90 a 94 años,2641,1079,1562
Baja California,95 a 99 años,913,314,599
Baja California,100 años y más,206,57,149
Baja California,No especificado,37425,18869,18556
Baja California Sur,Total,637026,325433,311593
Baja California Sur,0 a 4 años,60758,30840,29918
Baja California Sur,5 a 9 años,60334,30636,29698
Baja California Sur,10 a 14 años,57380,29340,28040
Baja California Sur,15 a 19 años,57713,29730,27983
Baja California Sur,20 a 24 años,58690,30273,28417
Baja California Sur,25 a 29 años,57525,29600,27925
Baja California Sur,30 a 34 años,56159,28734,27425
Baja California Sur,35 a 39 años,52235,26810,25425
Baja California Sur,40 a 44 años,42163,21760,20403
Baja California Sur,45 a 49 años,34308,17451,16857
Baja California Sur,50 a 54 años,28122,14297,13825
Baja California Sur,55 a 59 años,20188,10384,9804
Baja California Sur,60 a 64 años,14895,7573,7322
Baja California Sur,65 a 69 años,10279,5225,5054
Baja California Sur,70 a 74 años,7012,3480,3532
Baja California Sur,75 a 79 años,4598,2283,2315
Baja California Sur,80 a 84 años,2805,1284,1521
Baja California Sur,85 a 89 años,1589,677,912
Baja California Sur,90 a 94 años,655,265,390
Baja California Sur,95 a 99 años,223,82,141
Baja California Sur,100 años y más,58,27,31
Baja California Sur,No especificado,9337,4682,4655
Campeche,Total,822441,407721,414720
Campeche,0 a 4 años,76925,39317,37608
Campeche,5 a 9 años,78299,39758,38541
Campeche,10 a 14 años,81314,41146,40168
Campeche,15 a 19 años,82920,41693,41227
Campeche,20 a 24 años,76388,37219,39169
Campeche,25 a 29 años,68197,32562,35635
Campeche,30 a 34 años,64927,30991,33936
Campeche,35 a 39 años,61896,30049,31847
Campeche,40 a 44 años,50522,24853,25669
Campeche,45 a 49 años,42811,21000,21811
Campeche,50 a 54 años,35658,17658,18000
Campeche,55 a 59 años,28316,14154,14162
Campeche,60 a 64 años,21379,10611,10768
Campeche,65 a 69 años,15079,7595,7484
Campeche,70 a 74 años,12890,6468,6422
Campeche,75 a 79 años,8320,4276,4044
Campeche,80 a 84 años,5254,2687,2567
Campeche,85 a 89 años,3209,1620,1589
Campeche,90 a 94 años,1127,573,554
Campeche,95 a 99 años,479,223,256
Campeche,100 años y más,142,75,67
Campeche,No especificado,6389,3193,3196
Coahuila de Zaragoza,Total,2748391,1364197,1384194
Coahuila de Zaragoza,0 a 4 años,258246,131289,126957
Coahuila de Zaragoza,5 a 9 años,270736,137858,132878
Coahuila de Zaragoza,10 a 14 años,268193,136153,132040
Coahuila de Zaragoza,15 a 19 años,261942,132477,129465
Coahuila de Zaragoza,20 a 24 años,230132,115443,114689
Coahuila de Zaragoza,25 a 29 años,210236,104230,106006
Coahuila de Zaragoza,30 a 34 años,216325,106088,110237
Coahuila de Zaragoza,35 a 39 años,211770,103371,108399
Coahuila de Zaragoza,40 a 44 años,177554,86374,91180
Coahuila de Zaragoza,45 a 49 años,150271,72906,77365
Coahuila de Zaragoza,50 a 54 años,125961,60909,65052
Coahuila de Zaragoza,55 a 59 años,95121,46924,48197
Coahuila de Zaragoza,60 a 64 años,77527,37467,40060
Coahuila de Zaragoza,65 a 69 años,55667,26827,28840
Coahuila de Zaragoza,70 a 74 años,42832,20407,22425
Coahuila de Zaragoza,75 a 79 años,27610,13197,14413
Coahuila de Zaragoza,80 a 84 años,17076,7645,9431
Coahuila de Zaragoza,85 a 89 años,9002,3900,5102
Coahuila de Zaragoza,90 a 94 años,2959,1238,1721
Coahuila de Zaragoza,95 a 99 años,1008,385,623
Coahuila de Zaragoza,100 años y más,263,91,172
Coahuila de Zaragoza,No especificado,37960,19018,18942
Colima,Total,650555,322790,327765
Colima,0 a 4 años,58263,29676,28587
Colima,5 a 9 años,59869,30334,29535
Colima,10 a 14 años,59473,30707,28766
Colima,15 a 19 años,62323,31543,30780
Colima,20 a 24 años,60070,29487,30583
Colima,25 a 29 años,53136,25994,27142
Colima,30 a 34 años,50521,24590,25931
Colima,35 a 39 años,48863,23868,24995
Colima,40 a 44 años,41432,20101,21331
Colima,45 a 49 años,35812,17505,18307
Colima,50 a 54 años,30917,15247,15670
Colima,55 a 59 años,23301,11581,11720
Colima,60 a 64 años,18355,8939,9416
Colima,65 a 69 años,13806,6765,7041
Colima,70 a 74 años,10239,4918,5321
Colima,75 a 79 años,6976,3375,3601
Colima,80 a 84 años,4565,2050,2515
Colima,85 a 89 años,2906,1352,1554
Colima,90 a 94 años,1259,531,728
Colima,95 a 99 años,499,228,271
Colima,100 años y más,123,65,58
Colima,No especificado,7847,3934,3913
Chiapas,Total,4796580,2352807,2443773
Chiapas,0 a 4 años,540459,273660,266799
Chiapas,5 a 9 años,554692,280057,274635
Chiapas,10 a 14 años,549896,279274,270622
Chiapas,15 a 19 años,530233,262407,267826
Chiapas,20 a 24 años,438019,207582,230437
Chiapas,25 a 29 años,366537,170660,195877
Chiapas,30 a 34 años,335370,157234,178136
Chiapas,35 a 39 años,307983,145306,162677
Chiapas,40 a 44 años,246620,119049,127571
Chiapas,45 a 49 años,212924,103387,109537
Chiapas,50 a 54 años,174407,85517,88890
Chiapas,55 a 59 años,137559,69026,68533
Chiapas,60 a 64 años,110499,54902,55597
Chiapas,65 a 69 años,78922,38302,40620
Chiapas,70 a 74 años,68500,34470,34030
Chiapas,75 a 79 años,39750,20238,19512
Chiapas,80 a 84 años,24678,12299,12379
Chiapas,85 a 89 años,13513,6572,6941
Chiapas,90 a 94 años,5569,2754,2815
Chiapas,95 a 99 años,2583,1226,1357
Chiapas,100 años y más,1467,726,741
Chiapas,No especificado,56400,28159,28241
Chihuahua,Total,3406465,1692545,1713920
Chihuahua,0 a 4 años,322676,163607,159069
Chihuahua,5 a 9 años,335064,170477,164587
Chihuahua,10 a 14 años,324661,164749,159912
Chihuahua,15 a 19 años,322034,162488,159546
Chihuahua,20 a 24 años,285872,142953,142919
Chihuahua,25 a 29 años,255036,126385,128651
Chihuahua,30 a 34 años,251304,124137,127167
Chihuahua,35 a 39 años,259968,128448,131520
Chihuahua,40 a 44 años,222756,109944,112812
Chihuahua,45 a 49 años,183153,89363,93790
Chihuahua,50 a 54 años,149069,71988,77081
Chihuahua,55 a 59 años,108607,52311,56296
Chihuahua,60 a 64 años,89542,42534,47008
Chihuahua,65 a 69 años,68809,32811,35998
Chihuahua,70 a 74 años,54419,26273,28146
Chihuahua,75 a 79 años,34386,16544,17842
Chihuahua,80 a 84 años,20704,9435,11269
Chihuahua,85 a 89 años,10184,4404,5780
Chihuahua,90 a 94 años,3294,1383,1911
Chihuahua,95 a 99 años,1101,428,673
Chihuahua,100 años y más,286,113,173
Chihuahua,No especificado,103540,51770,51770
Ciudad de México,Total,8851080,4233783,4617297
Ciudad de México,0 a 4 años,618245,314701,303544
Ciudad de México,5 a 9 años,658948,334885,324063
Ciudad de México,10 a 14 años,660345,334674,325671
Ciudad de México,15 a 19 años,723372,363265,360107
Ciudad de México,20 a 24 años,753404,372368,381036
Ciudad de México,25 a 29 años,726696,352969,373727
Ciudad de México,30 a 34 años,702642,335988,366654
Ciudad de México,35 a 39 años,722214,341865,380349
Ciudad de México,40 a 44 años,629563,295151,334412
Ciudad de México,45 a 49 años,555481,256078,299403
Ciudad de México,50 a 54 años,506310,230325,275985
Ciudad de México,55 a 59 años,392186,179065,213121
Ciudad de México,60 a 64 años,315793,141010,174783
Ciudad de México,65 a 69 años,227625,99910,127715
Ciudad de México,70 a 74 años,179329,75227,104102
Ciudad de México,75 a 79 años,124499,50795,73704
Ciudad de México,80 a 84 años,85121,32012,53109
Ciudad de México,85 a 89 años,47170,17062,30108
Ciudad de México,90 a 94 años,17225,5529,11696
Ciudad de México,95 a 99 años,5797,1688,4109
Ciudad de México,100 años y más,1089,321,768
Ciudad de México,No especificado,198026,98895,99131
Durango,Total,1632934,803890,829044
Durango,0 a 4 años,161700,82046,79654
Durango,5 a 9 años,166853,84823,82030
Durango,10 a 14 años,167180,84969,82211
Durango,15 a 19 años,166366,84036,82330
Durango,20 a 24 años,143377,70380,72997
Durango,25 a 29 años,117714,56978,60736
Durango,30 a 34 años,115294,55171,60123
Durango,35 a 39 años,112837,54244,58593
Durango,40 a 44 años,96859,46107,50752
Durango,45 a 49 años,82516,38967,43549
Durango,50 a 54 años,70274,33322,36952
Durango,55 a 59 años,53875,26022,27853
Durango,60 a 64 años,44693,21418,23275
Durango,65 a 69 años,34601,16948,17653
Durango,70 a 74 años,29733,14618,15115
Durango,75 a 79 años,19595,9739,9856
Durango,80 a 84 años,12039,5751,6288
Durango,85 a 89 años,6079,2885,3194
Durango,90 a 94 años,1953,843,1110
Durango,95 a 99 años,753,336,417
Durango,100 años y más,235,84,151
Durango,No especificado,28408,14203,14205
Guanajuato,Total,5486372,2639425,2846947
Guanajuato,0 a 4 años,547466,277260,270206
Guanajuato,5 a 9 años,579121,293697,285424
Guanajuato,10 a 14 años,580600,293612,286988
Guanajuato,15 a 19 años,570965,281501,289464
Guanajuato,20 a 24 años,493167,230992,262175
Guanajuato,25 a 29 años,425291,196248,229043
Guanajuato,30 a 34 años,407712,187888,219824
Guanajuato,35 a 39 años,387687,181162,206525
Guanajuato,40 a 44 años,324654,150828,173826
Guanajuato,45 a 49 años,266465,123887,142578
Guanajuato,50 a 54 años,225760,105052,120708
Guanajuato,55 a 59 años,174400,82431,91969
Guanajuato,60 a 64 años,140229,65751,74478
Guanajuato,65 a 69 años,105229,49694,55535
Guanajuato,70 a 74 años,86650,40438,46212
Guanajuato,75 a 79 años,60341,28292,32049
Guanajuato,80 a 84 años,42362,19159,23203
Guanajuato,85 a 89 años,24163,10738,13425
Guanajuato,90 a 94 años,8603,3616,4987
Guanajuato,95 a 99 años,3588,1403,2185
Guanajuato,100 años y más,766,276,490
Guanajuato,No especificado,31153,15500,15653
Guerrero,Total,3388768,1645561,1743207
Guerrero,0 a 4 años,353009,179246,173763
Guerrero,5 a 9 años,378197,191053,187144
Guerrero,10 a 14 años,393378,198888,194490
Guerrero,15 a 19 años,372191,184645,187546
Guerrero,20 a 24 años,290684,137993,152691
Guerrero,25 a 29 años,237815,111428,126387
Guerrero,30 a 34 años,223482,104473,119009
Guerrero,35 a 39 años,211923,99320,112603
Guerrero,40 a 44 años,178482,83944,94538
Guerrero,45 a 49 años,158413,73976,84437
Guerrero,50 a 54 años,137260,64884,72376
Guerrero,55 a 59 años,110858,53232,57626
Guerrero,60 a 64 años,89041,42136,46905
Guerrero,65 a 69 años,72733,33837,38896
Guerrero,70 a 74 años,66668,31228,35440
Guerrero,75 a 79 años,43749,20709,23040
Guerrero,80 a 84 años,26491,12278,14213
Guerrero,85 a 89 años,14892,6809,8083
Guerrero,90 a 94 años,5898,2667,3231
Guerrero,95 a 99 años,2810,1244,1566
Guerrero,100 años y más,1186,505,681
Guerrero,No especificado,19608,11066,8542
Hidalgo,Total,2665018,1285222,1379796
Hidalgo,0 a 4 años,255202,129514,125688
Hidalgo,5 a 9 años,271181,137456,133725
Hidalgo,10 a 14 años,263026,133304,129722
Hidalgo,15 a 19 años,269602,134493,135109
Hidalgo,20 a 24 años,226170,106172,119998
Hidalgo,25 a 29 años,201034,91783,109251
Hidalgo,30 a 34 años,197047,90262,106785
Hidalgo,35 a 39 años,191131,88478,102653
Hidalgo,40 a 44 años,162857,76199,86658
Hidalgo,45 a 49 años,140325,65837,74488
Hidalgo,50 a 54 años,120304,57248,63056
Hidalgo,55 a 59 años,95265,46282,48983
Hidalgo,60 a 64 años,74476,35915,38561
Hidalgo,65 a 69 años,57669,27765,29904
Hidalgo,70 a 74 años,48068,22456,25612
Hidalgo,75 a 79 años,31279,14642,16637
Hidalgo,80 a 84 años,19997,8912,11085
Hidalgo,85 a 89 años,12043,5139,6904
Hidalgo,90 a 94 años,4577,1862,2715
Hidalgo,95 a 99 años,1952,716,1236
Hidalgo,100 años y más,654,235,419
Hidalgo,No especificado,21159,10552,10607
Jalisco,Total,7350682,3600641,3750041
Jalisco,0 a 4 años,694948,353751,341197
Jalisco,5 a 9 años,727075,369308,357767
Jalisco,10 a 14 años,714393,362097,352296
Jalisco,15 a 19 años,715003,360175,354828
Jalisco,20 a 24 años,669088,329145,339943
Jalisco,25 a 29 años,592033,287723,304310
Jalisco,30 a 34 años,548117,263140,284977
Jalisco,35 a 39 años,535234,258270,276964
Jalisco,40 a 44 años,446601,213669,232932
Jalisco,45 a 49 años,371541,175474,196067
Jalisco,50 a 54 años,324277,152109,172168
Jalisco,55 a 59 años,254380,120383,133997
Jalisco,60 a 64 años,210465,99337,111128
Jalisco,65 a 69 años,155337,73976,81361
Jalisco,70 a 74 años,118204,55172,63032
Jalisco,75 a 79 años,80747,37383,43364
Jalisco,80 a 84 años,53964,23768,30196
Jalisco,85 a 89 años,32720,14255,18465
Jalisco,90 a 94 años,13596,5628,7968
Jalisco,95 a 99 años,5206,2133,3073
Jalisco,100 años y más,1084,415,669
Jalisco,No especificado,86669,43330,43339
México,Total,15175862,7396986,7778876
México,0 a 4 años,1426612,723127,703485
México,5 a 9 años,1498274,760231,738043
México,10 a 14 años,1429028,723622,705406
México,15 a 19 años,1467148,734320,732828
México,20 a 24 años,1364380,668827,695553
México,25 a 29 años,1233854,591831,642023
México,30 a 34 años,1198515,565928,632587
México,35 a 39 años,1193988,566526,627462
México,40 a 44 años,1003492,478370,525122
México,45 a 49 años,831164,395154,436010
México,50 a 54 años,695328,329825,365503
México,55 a 59 años,509884,244538,265346
México,60 a 64 años,392349,185672,206677
México,65 a 69 años,270138,126755,143383
México,70 a 74 años,200542,91438,109104
México,75 a 79 años,129423,58326,71097
México,80 a 84 años,78893,33293,45600
México,85 a 89 años,44498,17985,26513
México,90 a 94 años,14612,5459,9153
México,95 a 99 años,5814,1925,3889
México,100 años y más,1378,424,954
México,No especificado,186548,93410,93138
Michoacán de Ocampo,Total,4351037,2102109,2248928
Michoacán de Ocampo,0 a 4 años,425698,215617,210081
Michoacán de Ocampo,5 a 9 años,434860,220017,214843
Michoacán de Ocampo,10 a 14 años,443721,223553,220168
Michoacán de Ocampo,15 a 19 años,453827,224452,229375
Michoacán de Ocampo,20 a 24 años,392338,185190,207148
Michoacán de Ocampo,25 a 29 años,322064,150160,171904
Michoacán de Ocampo,30 a 34 años,303108,141058,162050
Michoacán de Ocampo,35 a 39 años,290448,136834,153614
Michoacán de Ocampo,40 a 44 años,247704,115521,132183
Michoacán de Ocampo,45 a 49 años,212627,99106,113521
Michoacán de Ocampo,50 a 54 años,188305,88214,100091
Michoacán de Ocampo,55 a 59 años,147873,71049,76824
Michoacán de Ocampo,60 a 64 años,122951,58031,64920
Michoacán de Ocampo,65 a 69 años,96347,45789,50558
Michoacán de Ocampo,70 a 74 años,83990,39343,44647
Michoacán de Ocampo,75 a 79 años,58813,28096,30717
Michoacán de Ocampo,80 a 84 años,40032,18583,21449
Michoacán de Ocampo,85 a 89 años,23160,10696,12464
Michoacán de Ocampo,90 a 94 años,8949,4017,4932
Michoacán de Ocampo,95 a 99 años,3839,1652,2187
Michoacán de Ocampo,100 años y más,1046,451,595
Michoacán de Ocampo,No especificado,49337,24680,24657
Morelos,Total,1777227,858588,918639
Morelos,0 a 4 años,155669,79434,76235
Morelos,5 a 9 años,166908,85100,81808
Morelos,10 a 14 años,167487,84822,82665
Morelos,15 a 19 años,175625,87725,87900
Morelos,20 a 24 años,155671,75194,80477
Morelos,25 a 29 años,133544,62528,71016
Morelos,30 a 34 años,128812,59712,69100
Morelos,35 a 39 años,129072,59870,69202
Morelos,40 a 44 años,111381,51504,59877
Morelos,45 a 49 años,97105,45411,51694
Morelos,50 a 54 años,86282,40293,45989
Morelos,55 a 59 años,66904,31856,35048
Morelos,60 a 64 años,53604,25556,28048
Morelos,65 a 69 años,40104,18850,21254
Morelos,70 a 74 años,32988,15169,17819
Morelos,75 a 79 años,23535,10876,12659
Morelos,80 a 84 años,14917,6621,8296
Morelos,85 a 89 años,8567,3862,4705
Morelos,90 a 94 años,2702,1147,1555
Morelos,95 a 99 años,1134,464,670
Morelos,100 años y más,327,136,191
Morelos,No especificado,24889,12458,12431
Nayarit,Total,1084979,541007,543972
Nayarit,0 a 4 años,106044,54138,51906
Nayarit,5 a 9 años,104943,53253,51690
Nayarit,10 a 14 años,104308,53367,50941
Nayarit,15 a 19 años,107191,54204,52987
Nayarit,20 a 24 años,96693,48059,48634
Nayarit,25 a 29 años,82067,40065,42002
Nayarit,30 a 34 años,79520,38922,40598
Nayarit,35 a 39 años,78128,38953,39175
Nayarit,40 a 44 años,64675,31810,32865
Nayarit,45 a 49 años,55916,27147,28769
Nayarit,50 a 54 años,48769,23609,25160
Nayarit,55 a 59 años,39899,19693,20206
Nayarit,60 a 64 años,32069,15866,16203
Nayarit,65 a 69 años,25368,12694,12674
Nayarit,70 a 74 años,21066,10519,10547
Nayarit,75 a 79 años,13928,7002,6926
Nayarit,80 a 84 años,8690,4150,4540
Nayarit,85 a 89 años,5111,2390,2721
Nayarit,90 a 94 años,2113,944,1169
Nayarit,95 a 99 años,799,368,431
Nayarit,100 años y más,247,134,113
Nayarit,No especificado,7435,3720,3715
Nuevo León,Total,4653458,2320185,2333273
Nuevo León,0 a 4 años,413360,210075,203285
Nuevo León,5 a 9 años,430525,219102,211423
Nuevo León,10 a 14 años,415368,211365,204003
Nuevo León,15 a 19 años,406428,205518,200910
Nuevo León,20 a 24 años,401723,202766,198957
Nuevo León,25 a 29 años,384086,192963,191123
Nuevo León,30 a 34 años,383736,191204,192532
Nuevo León,35 a 39 años,383357,191768,191589
Nuevo León,40 a 44 años,321008,159078,161930
Nuevo León,45 a 49 años,260606,128429,132177
Nuevo León,50 a 54 años,220801,107080,113721
Nuevo León,55 a 59 años,162140,78944,83196
Nuevo León,60 a 64 años,132607,63516,69091
Nuevo León,65 a 69 años,96803,46293,50510
Nuevo León,70 a 74 años,75631,35695,39936
Nuevo León,75 a 79 años,48049,22136,25913
Nuevo León,80 a 84 años,30455,13075,17380
Nuevo León,85 a 89 años,16005,6629,9376
Nuevo León,90 a 94 años,5394,2066,3328
Nuevo León,95 a 99 años,1874,695,1179
Nuevo León,100 años y más,460,172,288
Nuevo León,No especificado,63042,31616,31426
Oaxaca,Total,3801962,1819008,1982954
Oaxaca,0 a 4 años,373371,189157,184214
Oaxaca,5 a 9 años,399632,201833,197799
Oaxaca,10 a 14 años,414392,209447,204945
Oaxaca,15 a 19 años,406873,200381,206492
Oaxaca,20 a 24 años,313523,145055,168468
Oaxaca,25 a 29 años,268969,122545,146424
Oaxaca,30 a 34 años,259112,117774,141338
Oaxaca,35 a 39 años,244019,112008,132011
Oaxaca,40 a 44 años,208666,96524,112142
Oaxaca,45 a 49 años,187021,86487,100534
Oaxaca,50 a 54 años,163536,75664,87872
Oaxaca,55 a 59 años,134078,63189,70889
Oaxaca,60 a 64 años,110092,51536,58556
Oaxaca,65 a 69 años,90363,41593,48770
Oaxaca,70 a 74 años,80884,37246,43638
Oaxaca,75 a 79 años,55599,26055,29544
Oaxaca,80 a 84 años,35768,16415,19353
Oaxaca,85 a 89 años,21170,9631,11539
Oaxaca,90 a 94 años,7840,3481,4359
Oaxaca,95 a 99 años,3406,1401,2005
Oaxaca,100 años y más,1047,407,640
Oaxaca,No especificado,22601,11179,11422
Puebla,Total,5779829,2769855,3009974
Puebla,0 a 4 años,574513,291584,282929
Puebla,5 a 9 años,620386,314122,306264
Puebla,10 a 14 años,604845,305657,299188
Puebla,15 a 19 años,604094,299098,304996
Puebla,20 a 24 años,511685,241187,270498
Puebla,25 a 29 años,441558,203626,237932
Puebla,30 a 34 años,420492,192949,227543
Puebla,35 a 39 años,394961,182690,212271
Puebla,40 a 44 años,328556,151228,177328
Puebla,45 a 49 años,279425,129308,150117
Puebla,50 a 54 años,240020,110377,129643
Puebla,55 a 59 años,188919,88207,100712
Puebla,60 a 64 años,150565,69041,81524
Puebla,65 a 69 años,115990,53384,62606
Puebla,70 a 74 años,96685,43408,53277
Puebla,75 a 79 años,67019,30238,36781
Puebla,80 a 84 años,43367,18969,24398
Puebla,85 a 89 años,26380,11168,15212
Puebla,90 a 94 años,9528,3906,5622
Puebla,95 a 99 años,3845,1413,2432
Puebla,100 años y más,1057,329,728
Puebla,No especificado,55939,27966,27973
Querétaro,Total,1827937,887188,940749
Querétaro,0 a 4 años,178916,90972,87944
Querétaro,5 a 9 años,183541,93230,90311
Querétaro,10 a 14 años,182608,92453,90155
Querétaro,15 a 19 años,187241,92904,94337
Querétaro,20 a 24 años,168520,80717,87803
Querétaro,25 a 29 años,153300,72317,80983
Querétaro,30 a 34 años,145169,68081,77088
Querétaro,35 a 39 años,138438,65728,72710
Querétaro,40 a 44 años,114275,53763,60512
Querétaro,45 a 49 años,93449,44472,48977
Querétaro,50 a 54 años,76870,36628,40242
Querétaro,55 a 59 años,56288,26912,29376
Querétaro,60 a 64 años,42991,20110,22881
Querétaro,65 a 69 años,31562,14757,16805
Querétaro,70 a 74 años,24701,11421,13280
Querétaro,75 a 79 años,16494,7562,8932
Querétaro,80 a 84 años,10760,4641,6119
Querétaro,85 a 89 años,6400,2751,3649
Querétaro,90 a 94 años,2344,914,1430
Querétaro,95 a 99 años,922,303,619
Querétaro,100 años y más,207,70,137
Querétaro,No especificado,12941,6482,6459
Quintana Roo,Total,1325578,673220,652358
Quintana Roo,0 a 4 años,133228,67703,65525
Quintana Roo,5 a 9 años,126996,64151,62845
Quintana Roo,10 a 14 años,121308,61790,59518
Quintana Roo,15 a 19 años,128650,65411,63239
Quintana Roo,20 a 24 años,135549,68519,67030
Quintana Roo,25 a 29 años,130616,65694,64922
Quintana Roo,30 a 34 años,120654,60588,60066
Quintana Roo,35 a 39 años,111169,56596,54573
Quintana Roo,40 a 44 años,86941,44886,42055
Quintana Roo,45 a 49 años,64630,33236,31394
Quintana Roo,50 a 54 años,48629,24865,23764
Quintana Roo,55 a 59 años,34052,17591,16461
Quintana Roo,60 a 64 años,24478,12373,12105
Quintana Roo,65 a 69 años,15430,7924,7506
Quintana Roo,70 a 74 años,10761,5469,5292
Quintana Roo,75 a 79 años,6453,3276,3177
Quintana Roo,80 a 84 años,3639,1831,1808
Quintana Roo,85 a 89 años,2070,1048,1022
Quintana Roo,90 a 94 años,761,387,374
Quintana Roo,95 a 99 años,297,152,145
Quintana Roo,100 años y más,76,43,33
Quintana Roo,No especificado,19191,9687,9504
San Luis Potosí,Total,2585518,1260366,1325152
San Luis Potosí,0 a 4 años,247057,125473,121584
San Luis Potosí,5 a 9 años,268914,136027,132887
San Luis Potosí,10 a 14 años,270154,136835,133319
San Luis Potosí,15 a 19 años,269673,135204,134469
San Luis Potosí,20 a 24 años,219720,105606,114114
San Luis Potosí,25 a 29 años,189105,88319,100786
San Luis Potosí,30 a 34 años,180250,84440,95810
San Luis Potosí,35 a 39 años,175642,82850,92792
San Luis Potosí,40 a 44 años,152372,71817,80555
San Luis Potosí,45 a 49 años,131221,61913,69308
San Luis Potosí,50 a 54 años,112519,53592,58927
San Luis Potosí,55 a 59 años,87476,42563,44913
San Luis Potosí,60 a 64 años,72960,34958,38002
San Luis Potosí,65 a 69 años,56671,27526,29145
San Luis Potosí,70 a 74 años,50213,24200,26013
San Luis Potosí,75 a 79 años,34695,16937,17758
San Luis Potosí,80 a 84 años,23325,11118,12207
San Luis Potosí,85 a 89 años,13437,6316,7121
San Luis Potosí,90 a 94 años,4303,1915,2388
San Luis Potosí,95 a 99 años,1824,787,1037
San Luis Potosí,100 años y más,548,205,343
San Luis Potosí,No especificado,23439,11765,11674
Sinaloa,Total,2767761,1376201,1391560
Sinaloa,0 a 4 años,252443,128664,123779
Sinaloa,5 a 9 años,264538,134710,129828
Sinaloa,10 a 14 años,270555,137580,132975
Sinaloa,15 a 19 años,275540,139206,136334
Sinaloa,20 a 24 años,242907,121634,121273
Sinaloa,25 a 29 años,207840,102082,105758
Sinaloa,30 a 34 años,207002,101645,105357
Sinaloa,35 a 39 años,207622,102184,105438
Sinaloa,40 a 44 años,176453,86505,89948
Sinaloa,45 a 49 años,149915,72394,77521
Sinaloa,50 a 54 años,131472,63091,68381
Sinaloa,55 a 59 años,103936,51030,52906
Sinaloa,60 a 64 años,83594,41082,42512
Sinaloa,65 a 69 años,64032,31842,32190
Sinaloa,70 a 74 años,51023,25289,25734
Sinaloa,75 a 79 años,31659,15461,16198
Sinaloa,80 a 84 años,19463,9028,10435
Sinaloa,85 a 89 años,10809,4777,6032
Sinaloa,90 a 94 años,4102,1720,2382
Sinaloa,95 a 99 años,1625,665,960
Sinaloa,100 años y más,418,176,242
Sinaloa,No especificado,10813,5436,5377
Sonora,Total,2662480,1339612,1322868
Sonora,0 a 4 años,250969,127915,123054
Sonora,5 a 9 años,259950,132598,127352
Sonora,10 a 14 años,256883,131336,125547
Sonora,15 a 19 años,251510,128406,123104
Sonora,20 a 24 años,228147,116320,111827
Sonora,25 a 29 años,207251,104540,102711
Sonora,30 a 34 años,205910,103146,102764
Sonora,35 a 39 años,202731,102169,100562
Sonora,40 a 44 años,172253,85722,86531
Sonora,45 a 49 años,147842,73258,74584
Sonora,50 a 54 años,128595,63397,65198
Sonora,55 a 59 años,97274,48466,48808
Sonora,60 a 64 años,74443,36506,37937
Sonora,65 a 69 años,56240,27424,28816
Sonora,70 a 74 años,43912,21279,22633
Sonora,75 a 79 años,28060,13585,14475
Sonora,80 a 84 años,17019,7746,9273
Sonora,85 a 89 años,8961,3937,5024
Sonora,90 a 94 años,3075,1247,1828
Sonora,95 a 99 años,940,364,576
Sonora,100 años y más,224,87,137
Sonora,No especificado,20291,10164,10127
Tabasco,Total,2238603,1100758,1137845
Tabasco,0 a 4 años,223692,114194,109498
Tabasco,5 a 9 años,225061,114145,110916
Tabasco,10 a 14 años,220776,111804,108972
Tabasco,15 a 19 años,224257,111911,112346
Tabasco,20 a 24 años,206842,100048,106794
Tabasco,25 a 29 años,185871,87169,98702
Tabasco,30 a 34 años,174392,81829,92563
Tabasco,35 a 39 años,164922,78148,86774
Tabasco,40 a 44 años,136000,66024,69976
Tabasco,45 a 49 años,116426,57375,59051
Tabasco,50 a 54 años,95109,46912,48197
Tabasco,55 a 59 años,72350,35982,36368
Tabasco,60 a 64 años,51726,25607,26119
Tabasco,65 a 69 años,38728,18954,19774
Tabasco,70 a 74 años,32532,15959,16573
Tabasco,75 a 79 años,21048,10617,10431
Tabasco,80 a 84 años,12257,6092,6165
Tabasco,85 a 89 años,7134,3374,3760
Tabasco,90 a 94 años,2669,1275,1394
Tabasco,95 a 99 años,1297,589,708
Tabasco,100 años y más,536,235,301
Tabasco,No especificado,24978,12515,12463
Tamaulipas,Total,3268554,1616201,1652353
Tamaulipas,0 a 4 años,302937,154457,148480
Tamaulipas,5 a 9 años,305122,154618,150504
Tamaulipas,10 a 14 años,294469,150104,144365
Tamaulipas,15 a 19 años,291682,147251,144431
Tamaulipas,20 a 24 años,275453,137058,138395
Tamaulipas,25 a 29 años,258116,126215,131901
Tamaulipas,30 a 34 años,255313,124108,131205
Tamaulipas,35 a 39 años,250586,122278,128308
Tamaulipas,40 a 44 años,213736,104304,109432
Tamaulipas,45 a 49 años,177182,86829,90353
Tamaulipas,50 a 54 años,147748,71602,76146
Tamaulipas,55 a 59 años,109317,53327,55990
Tamaulipas,60 a 64 años,89766,42359,47407
Tamaulipas,65 a 69 años,66138,31179,34959
Tamaulipas,70 a 74 años,53619,25167,28452
Tamaulipas,75 a 79 años,35422,16664,18758
Tamaulipas,80 a 84 años,22387,10054,12333
Tamaulipas,85 a 89 años,12078,5302,6776
Tamaulipas,90 a 94 años,3852,1589,2263
Tamaulipas,95 a 99 años,1427,574,853
Tamaulipas,100 años y más,408,169,239
Tamaulipas,No especificado,101796,50993,50803
Tlaxcala,Total,1169936,565775,604161
Tlaxcala,0 a 4 años,116073,58980,57093
Tlaxcala,5 a 9 años,123330,62673,60657
Tlaxcala,10 a 14 años,118634,59970,58664
Tlaxcala,15 a 19 años,119172,59831,59341
Tlaxcala,20 a 24 años,104781,50406,54375
Tlaxcala,25 a 29 años,93720,43235,50485
Tlaxcala,30 a 34 años,90612,41672,48940
Tlaxcala,35 a 39 años,84560,39297,45263
Tlaxcala,40 a 44 años,71030,33139,37891
Tlaxcala,45 a 49 años,58822,27512,31310
Tlaxcala,50 a 54 años,49362,23079,26283
Tlaxcala,55 a 59 años,36171,17210,18961
Tlaxcala,60 a 64 años,28530,13597,14933
Tlaxcala,65 a 69 años,21997,10353,11644
Tlaxcala,70 a 74 años,17497,8197,9300
Tlaxcala,75 a 79 años,13009,6108,6901
Tlaxcala,80 a 84 años,8741,4056,4685
Tlaxcala,85 a 89 años,5477,2493,2984
Tlaxcala,90 a 94 años,1997,880,1117
Tlaxcala,95 a 99 años,794,318,476
Tlaxcala,100 años y más,187,75,112
Tlaxcala,No especificado,5440,2694,2746
Veracruz de Ignacio de la Llave,Total,7643194,3695679,3947515
Veracruz de Ignacio de la Llave,0 a 4 años,662288,335899,326389
Veracruz de Ignacio de la Llave,5 a 9 años,728767,369775,358992
Veracruz de Ignacio de la Llave,10 a 14 años,741526,376924,364602
Veracruz de Ignacio de la Llave,15 a 19 años,759388,381351,378037
Veracruz de Ignacio de la Llave,20 a 24 años,642093,307562,334531
Veracruz de Ignacio de la Llave,25 a 29 años,557762,259153,298609
Veracruz de Ignacio de la Llave,30 a 34 años,539685,247094,292591
Veracruz de Ignacio de la Llave,35 a 39 años,542754,251277,291477
Veracruz de Ignacio de la Llave,40 a 44 años,486810,228657,258153
Veracruz de Ignacio de la Llave,45 a 49 años,424845,201515,223330
Veracruz de Ignacio de la Llave,50 a 54 años,365591,172802,192789
Veracruz de Ignacio de la Llave,55 a 59 años,298171,142619,155552
Veracruz de Ignacio de la Llave,60 a 64 años,239698,114048,125650
Veracruz de Ignacio de la Llave,65 a 69 años,183836,87365,96471
Veracruz de Ignacio de la Llave,70 a 74 años,155346,72547,82799
Veracruz de Ignacio de la Llave,75 a 79 años,100119,46658,53461
Veracruz de Ignacio de la Llave,80 a 84 años,62627,28294,34333
Veracruz de Ignacio de la Llave,85 a 89 años,35565,15779,19786
Veracruz de Ignacio de la Llave,90 a 94 años,13213,5571,7642
Veracruz de Ignacio de la Llave,95 a 99 años,5967,2503,3464
Veracruz de Ignacio de la Llave,100 años y más,2186,890,1296
Veracruz de Ignacio de la Llave,No especificado,94957,47396,47561
Yucatán,Total,1955577,963333,992244
Yucatán,0 a 4 años,170727,86219,84508
Yucatán,5 a 9 años,181587,91892,89695
Yucatán,10 a 14 años,182604,92921,89683
Yucatán,15 a 19 años,192027,96613,95414
Yucatán,20 a 24 años,183322,91013,92309
Yucatán,25 a 29 años,160355,78443,81912
Yucatán,30 a 34 años,151440,73129,78311
Yucatán,35 a 39 años,145205,69998,75207
Yucatán,40 a 44 años,116699,56265,60434
Yucatán,45 a 49 años,101202,48528,52674
Yucatán,50 a 54 años,87918,41814,46104
Yucatán,55 a 59 años,73419,35354,38065
Yucatán,60 a 64 años,61572,29647,31925
Yucatán,65 a 69 años,44092,21271,22821
Yucatán,70 a 74 años,35779,17334,18445
Yucatán,75 a 79 años,24558,12071,12487
Yucatán,80 a 84 años,15627,7491,8136
Yucatán,85 a 89 años,9540,4618,4922
Yucatán,90 a 94 años,3815,1743,2072
Yucatán,95 a 99 años,1289,586,703
Yucatán,100 años y más,202,88,114
Yucatán,No especificado,12598,6295,6303
Zacatecas,Total,1490668,726897,763771
Zacatecas,0 a 4 años,152037,77320,74717
Zacatecas,5 a 9 años,151780,76898,74882
Zacatecas,10 a 14 años,152154,77052,75102
Zacatecas,15 a 19 años,150499,75169,75330
Zacatecas,20 a 24 años,131079,62008,69071
Zacatecas,25 a 29 años,107817,50416,57401
Zacatecas,30 a 34 años,105427,49237,56190
Zacatecas,35 a 39 años,101327,48473,52854
Zacatecas,40 a 44 años,88979,42123,46856
Zacatecas,45 a 49 años,74010,35111,38899
Zacatecas,50 a 54 años,62448,29522,32926
Zacatecas,55 a 59 años,47741,23002,24739
Zacatecas,60 a 64 años,41090,19732,21358
Zacatecas,65 a 69 años,34106,16684,17422
Zacatecas,70 a 74 años,29225,14135,15090
Zacatecas,75 a 79 años,21022,10463,10559
Zacatecas,80 a 84 años,13941,6868,7073
Zacatecas,85 a 89 años,8507,4152,4355
Zacatecas,90 a 94 años,2832,1296,1536
Zacatecas,95 a 99 años,1176,526,650
Zacatecas,100 años y más,253,102,151
Zacatecas,No especificado,13218,6608,6610
