Entidad federativa,Grupo quinquenal de edad,Total,Hombres,Mujeres
Estados Unidos Mexicanos,Total,103263388,50249955,53013433
Estados Unidos Mexicanos,0 a 4 años,10186243,5175913,5010330
Estados Unidos Mexicanos,5 a 9 años,10511738,5339127,5172611
Estados Unidos Mexicanos,10 a 14 años,10952123,5545910,5406213
Estados Unidos Mexicanos,15 a 19 años,10109021,4995906,5113115
Estados Unidos Mexicanos,20 a 24 años,8964629,4253440,4711189
Estados Unidos Mexicanos,25 a 29 años,8103358,3805724,4297634
Estados Unidos Mexicanos,30 a 34 años,7933951,3745974,4187977
Estados Unidos Mexicanos,35 a 39 años,7112526,3371372,3741154
Estados Unidos Mexicanos,40 a 44 años,6017268,2871549,3145719
Estados Unidos Mexicanos,45 a 49 años,5015255,2388149,2627106
Estados Unidos Mexicanos,50 a 54 años,4090650,1959720,2130930
Estados Unidos Mexicanos,55 a 59 años,3117071,1497981,1619090
Estados Unidos Mexicanos,60 a 64 años,2622476,1243788,1378688
Estados Unidos Mexicanos,65 a 69 años,1958069,922592,1035477
Estados Unidos Mexicanos,70 a 74 años,1496691,703277,793414
Estados Unidos Mexicanos,75 a 79 años,1048315,490840,557475
Estados Unidos Mexicanos,80 a 84 años,657011,296351,360660
Estados Unidos Mexicanos,85 a 89 años,345154,150617,194537
Estados Unidos Mexicanos,90 a 94 años,132325,54391,77934
Estados Unidos Mexicanos,95 a 99 años,61145,24439,36706
Estados Unidos Mexicanos,100 años y más,17649,6696,10953
Estados Unidos Mexicanos,No especificado,2810720,1406199,1404521
Aguascalientes,Total,1065416,515364,550052
Aguascalientes,0 a 4 años,118536,60406,58130
Aguascalientes,5 a 9 años,120130,60900,59230
Aguascalientes,10 a 14 años,120280,60816,59464
Aguascalientes,15 a 19 años,107007,52748,54259
Aguascalientes,20 a 24 años,93139,43716,49423
Aguascalientes,25 a 29 años,83073,38437,44636
Aguascalientes,30 a 34 años,82651,38373,44278
Aguascalientes,35 a 39 años,73006,34068,38938
Aguascalientes,40 a 44 años,61553,29044,32509
Aguascalientes,45 a 49 años,49233,23155,26078
Aguascalientes,50 a 54 años,39222,18636,20586
Aguascalientes,55 a 59 años,29196,13802,15394
Aguascalientes,60 a 64 años,23168,10959,12209
Aguascalientes,65 a 69 años,16290,7509,8781
Aguascalientes,70 a 74 años,12912,5935,6977
Aguascalientes,75 a 79 años,9203,4193,5010
Aguascalientes,80 a 84 años,6155,2668,3487
Aguascalientes,85 a 89 años,3140,1384,1756
Aguascalientes,90 a 94 años,1302,542,760
Aguascalientes,95 a 99 años,503,197,306
Aguascalientes,100 años y más,98,41,57
Aguascalientes,No especificado,15619,7835,7784
Baja California,Total,2844469,1431789,1412680
Baja California,0 a 4 años,267954,136245,131709
Baja California,5 a 9 años,277635,141538,136097
Baja California,10 a 14 años,267938,136669,131269
Baja California,15 a 19 años,255309,129298,126011
Baja California,20 a 24 años,246968,123808,123160
Baja California,25 a 29 años,241951,120390,121561
Baja California,30 a 34 años,240879,121987,118892
Baja California,35 a 39 años,208125,106746,101379
Baja California,40 a 44 años,164598,83803,80795
Baja California,45 a 49 años,128512,64198,64314
Baja California,50 a 54 años,99356,49179,50177
Baja California,55 a 59 años,71624,35077,36547
Baja California,60 a 64 años,56711,27276,29435
Baja California,65 a 69 años,40660,19468,21192
Baja California,70 a 74 años,28923,13866,15057
Baja California,75 a 79 años,18815,8983,9832
Baja California,80 a 84 años,11375,5240,6135
Baja California,85 a 89 años,5453,2363,3090
Baja California,90 a 94 años,1987,717,1270
Baja California,95 a 99 años,792,274,518
Baja California,100 años y más,172,58,114
Baja California,No especificado,208732,104606,104126
Baja California Sur,Total,512170,261288,250882
Baja California Sur,0 a 4 años,49069,25004,24065
Baja California Sur,5 a 9 años,49164,25216,23948
Baja California Sur,10 a 14 años,48106,24492,23614
Baja California Sur,15 a 19 años,46700,24156,22544
Baja California Sur,20 a 24 años,46222,23777,22445
Baja California Sur,25 a 29 años,45939,23376,22563
Baja California Sur,30 a 34 años,43628,22203,21425
Baja California Sur,35 a 39 años,38197,19506,18691
Baja California Sur,40 a 44 años,31526,15928,15598
Baja California Sur,45 a 49 años,25121,12756,12365
Baja California Sur,50 a 54 años,19430,10087,9343
Baja California Sur,55 a 59 años,13781,7152,6629
Baja California Sur,60 a 64 años,10783,5510,5273
Baja California Sur,65 a 69 años,7544,3848,3696
Baja California Sur,70 a 74 años,5254,2626,2628
Baja California Sur,75 a 79 años,3488,1706,1782
Baja California Sur,80 a 84 años,2154,992,1162
Baja California Sur,85 a 89 años,1168,483,685
Baja California Sur,90 a 94 años,440,160,280
Baja California Sur,95 a 99 años,177,76,101
Baja California Sur,100 años y más,45,18,27
Baja California Sur,No especificado,24234,12216,12018
Campeche,Total,754730,373457,381273
Campeche,0 a 4 años,73461,37327,36134
Campeche,5 a 9 años,79199,40040,39159
Campeche,10 a 14 años,83597,42346,41251
Campeche,15 a 19 años,77485,38458,39027
Campeche,20 a 24 años,70006,33347,36659
Campeche,25 a 29 años,62455,29579,32876
Campeche,30 a 34 años,59665,28481,31184
Campeche,35 a 39 años,52899,25770,27129
Campeche,40 a 44 años,43896,21696,22200
Campeche,45 a 49 años,36152,17881,18271
Campeche,50 a 54 años,29746,14818,14928
Campeche,55 a 59 años,21475,10823,10652
Campeche,60 a 64 años,17979,9081,8898
Campeche,65 a 69 años,12827,6339,6488
Campeche,70 a 74 años,9830,5097,4733
Campeche,75 a 79 años,7153,3780,3373
Campeche,80 a 84 años,4407,2250,2157
Campeche,85 a 89 años,2579,1333,1246
Campeche,90 a 94 años,890,451,439
Campeche,95 a 99 años,405,234,171
Campeche,100 años y más,140,73,67
Campeche,No especificado,8484,4253,4231
Coahuila de Zaragoza,Total,2495200,1236880,1258320
Coahuila de Zaragoza,0 a 4 años,249590,126956,122634
Coahuila de Zaragoza,5 a 9 años,257277,130816,126461
Coahuila de Zaragoza,10 a 14 años,257591,130729,126862
Coahuila de Zaragoza,15 a 19 años,231405,116757,114648
Coahuila de Zaragoza,20 a 24 años,214562,107233,107329
Coahuila de Zaragoza,25 a 29 años,206859,101494,105365
Coahuila de Zaragoza,30 a 34 años,205193,99340,105853
Coahuila de Zaragoza,35 a 39 años,180228,87416,92812
Coahuila de Zaragoza,40 a 44 años,152496,74035,78461
Coahuila de Zaragoza,45 a 49 años,126257,61359,64898
Coahuila de Zaragoza,50 a 54 años,100907,49273,51634
Coahuila de Zaragoza,55 a 59 años,77889,38342,39547
Coahuila de Zaragoza,60 a 64 años,64043,30923,33120
Coahuila de Zaragoza,65 a 69 años,47679,22958,24721
Coahuila de Zaragoza,70 a 74 años,34186,16539,17647
Coahuila de Zaragoza,75 a 79 años,23529,11268,12261
Coahuila de Zaragoza,80 a 84 años,13768,6248,7520
Coahuila de Zaragoza,85 a 89 años,6882,3081,3801
Coahuila de Zaragoza,90 a 94 años,2396,967,1429
Coahuila de Zaragoza,95 a 99 años,1056,393,663
Coahuila de Zaragoza,100 años y más,225,84,141
Coahuila de Zaragoza,No especificado,41182,20669,20513
Colima,Total,567996,280005,287991
Colima,0 a 4 años,51929,26388,25541
Colima,5 a 9 años,53742,27734,26008
Colima,10 a 14 años,56990,29280,27710
Colima,15 a 19 años,56534,28076,28458
Colima,20 a 24 años,50049,24135,25914
Colima,25 a 29 años,44660,21164,23496
Colima,30 a 34 años,44016,21077,22939
Colima,35 a 39 años,39605,18850,20755
Colima,40 a 44 años,34968,16970,17998
Colima,45 a 49 años,28969,14171,14798
Colima,50 a 54 años,23348,11439,11909
Colima,55 a 59 años,17614,8732,8882
Colima,60 a 64 años,14442,7075,7367
Colima,65 a 69 años,10530,5110,5420
Colima,70 a 74 años,7947,3836,4111
Colima,75 a 79 años,5679,2765,2914
Colima,80 a 84 años,3908,1821,2087
Colima,85 a 89 años,2327,1060,1267
Colima,90 a 94 años,946,435,511
Colima,95 a 99 años,416,183,233
Colima,100 años y más,121,61,60
Colima,No especificado,19256,9643,9613
Chiapas,Total,4293459,2108830,2184629
Chiapas,0 a 4 años,490058,248713,241345
Chiapas,5 a 9 años,512440,260077,252363
Chiapas,10 a 14 años,537725,271971,265754
Chiapas,15 a 19 años,471331,230408,240923
Chiapas,20 a 24 años,383455,179238,204217
Chiapas,25 a 29 años,324289,150453,173836
Chiapas,30 a 34 años,283522,132962,150560
Chiapas,35 a 39 años,257320,121598,135722
Chiapas,40 a 44 años,210437,102657,107780
Chiapas,45 a 49 años,176142,86422,89720
Chiapas,50 a 54 años,139301,69845,69456
Chiapas,55 a 59 años,103667,51992,51675
Chiapas,60 a 64 años,98728,48847,49881
Chiapas,65 a 69 años,63469,31538,31931
Chiapas,70 a 74 años,46845,24124,22721
Chiapas,75 a 79 años,31858,16440,15418
Chiapas,80 a 84 años,19141,9728,9413
Chiapas,85 a 89 años,10593,5355,5238
Chiapas,90 a 94 años,4097,1993,2104
Chiapas,95 a 99 años,2352,1175,1177
Chiapas,100 años y más,1267,615,652
Chiapas,No especificado,125422,62679,62743
Chihuahua,Total,3241444,1610275,1631169
Chihuahua,0 a 4 años,320384,162947,157437
Chihuahua,5 a 9 años,324350,164698,159652
Chihuahua,10 a 14 años,322642,163733,158909
Chihuahua,15 a 19 años,300186,151797,148389
Chihuahua,20 a 24 años,267506,133526,133980
Chihuahua,25 a 29 años,250016,123385,126631
Chihuahua,30 a 34 años,257676,127117,130559
Chihuahua,35 a 39 años,233533,114930,118603
Chihuahua,40 a 44 años,193322,94501,98821
Chihuahua,45 a 49 años,153968,74445,79523
Chihuahua,50 a 54 años,119550,57774,61776
Chihuahua,55 a 59 años,92987,44511,48476
Chihuahua,60 a 64 años,80050,38234,41816
Chihuahua,65 a 69 años,62659,30067,32592
Chihuahua,70 a 74 años,45078,21842,23236
Chihuahua,75 a 79 años,29983,14348,15635
Chihuahua,80 a 84 años,17235,7908,9327
Chihuahua,85 a 89 años,8045,3564,4481
Chihuahua,90 a 94 años,2931,1158,1773
Chihuahua,95 a 99 años,1078,400,678
Chihuahua,100 años y más,224,90,134
Chihuahua,No especificado,158041,79300,78741
Ciudad de México,Total,8720916,4171683,4549233
Ciudad de México,0 a 4 años,664092,338207,325885
Ciudad de México,5 a 9 años,671579,341618,329961
Ciudad de México,10 a 14 años,704950,357106,347844
Ciudad de México,15 a 19 años,740280,368042,372238
Ciudad de México,20 a 24 años,765641,373044,392597
Ciudad de México,25 a 29 años,735441,353337,382104
Ciudad de México,30 a 34 años,755600,359952,395648
Ciudad de México,35 a 39 años,678990,319519,359471
Ciudad de México,40 a 44 años,596540,278656,317884
Ciudad de México,45 a 49 años,515878,237757,278121
Ciudad de México,50 a 54 años,441077,202356,238721
Ciudad de México,55 a 59 años,329553,150909,178644
Ciudad de México,60 a 64 años,263228,117398,145830
Ciudad de México,65 a 69 años,192699,83931,108768
Ciudad de México,70 a 74 años,164150,67932,96218
Ciudad de México,75 a 79 años,110512,44280,66232
Ciudad de México,80 a 84 años,72725,27752,44973
Ciudad de México,85 a 89 años,35912,12752,23160
Ciudad de México,90 a 94 años,14084,4564,9520
Ciudad de México,95 a 99 años,5176,1589,3587
Ciudad de México,100 años y más,952,254,698
Ciudad de México,No especificado,261857,130728,131129
Durango,Total,1509117,738095,771022
Durango,0 a 4 años,158588,80812,77776
Durango,5 a 9 años,165488,84071,81417
Durango,10 a 14 años,171314,86908,84406
Durango,15 a 19 años,156434,77795,78639
Durango,20 a 24 años,124920,59372,65548
Durango,25 a 29 años,111556,52329,59227
Durango,30 a 34 años,110058,51803,58255
Durango,35 a 39 años,99365,46784,52581
Durango,40 a 44 años,85571,40303,45268
Durango,45 a 49 años,70558,33419,37139
Durango,50 a 54 años,57570,27707,29863
Durango,55 a 59 años,45386,21832,23554
Durango,60 a 64 años,40026,19550,20476
Durango,65 a 69 años,31835,15693,16142
Durango,70 a 74 años,24425,12125,12300
Durango,75 a 79 años,16824,8396,8428
Durango,80 a 84 años,9837,4828,5009
Durango,85 a 89 años,4700,2165,2535
Durango,90 a 94 años,1784,813,971
Durango,95 a 99 años,798,346,452
Durango,100 años y más,243,104,139
Durango,No especificado,21837,10940,10897
Guanajuato,Total,4893812,2329136,2564676
Guanajuato,0 a 4 años,527480,267399,260081
Guanajuato,5 a 9 años,551459,279081,272378
Guanajuato,10 a 14 años,569357,286789,282568
Guanajuato,15 a 19 años,504643,241953,262690
Guanajuato,20 a 24 años,425409,188993,236416
Guanajuato,25 a 29 años,377109,167451,209658
Guanajuato,30 a 34 años,361384,163437,197947
Guanajuato,35 a 39 años,321689,147170,174519
Guanajuato,40 a 44 años,269592,124556,145036
Guanajuato,45 a 49 años,219520,102288,117232
Guanajuato,50 a 54 años,180011,84056,95955
Guanajuato,55 a 59 años,135455,64147,71308
Guanajuato,60 a 64 años,117552,54792,62760
Guanajuato,65 a 69 años,87450,41027,46423
Guanajuato,70 a 74 años,71388,33672,37716
Guanajuato,75 a 79 años,51797,24481,27316
Guanajuato,80 a 84 años,34405,15638,18767
Guanajuato,85 a 89 años,17077,7610,9467
Guanajuato,90 a 94 años,7351,3125,4226
Guanajuato,95 a 99 años,3392,1396,1996
Guanajuato,100 años y más,754,269,485
Guanajuato,No especificado,59538,29806,29732
Guerrero,Total,3115202,1499453,1615749
Guerrero,0 a 4 años,345731,174968,170763
Guerrero,5 a 9 años,377826,190749,187077
Guerrero,10 a 14 años,396125,200491,195634
Guerrero,15 a 19 años,332940,161667,171273
Guerrero,20 a 24 años,252404,114723,137681
Guerrero,25 a 29 años,212665,96552,116113
Guerrero,30 a 34 años,198099,90739,107360
Guerrero,35 a 39 años,181518,83257,98261
Guerrero,40 a 44 años,158810,74032,84778
Guerrero,45 a 49 años,135306,63531,71775
Guerrero,50 a 54 años,112818,53978,58840
Guerrero,55 a 59 años,89468,42807,46661
Guerrero,60 a 64 años,80235,37731,42504
Guerrero,65 a 69 años,66040,30398,35642
Guerrero,70 a 74 años,50403,23852,26551
Guerrero,75 a 79 años,34974,16891,18083
Guerrero,80 a 84 años,21597,9992,11605
Guerrero,85 a 89 años,11675,5335,6340
Guerrero,90 a 94 años,4612,2040,2572
Guerrero,95 a 99 años,2520,1130,1390
Guerrero,100 años y más,1126,486,640
Guerrero,No especificado,48310,24104,24206
Hidalgo,Total,2345514,1125188,1220326
Hidalgo,0 a 4 años,237423,120784,116639
Hidalgo,5 a 9 años,243185,123336,119849
Hidalgo,10 a 14 años,270650,136955,133695
Hidalgo,15 a 19 años,237675,115331,122344
Hidalgo,20 a 24 años,196494,88134,108360
Hidalgo,25 a 29 años,175226,78011,97215
Hidalgo,30 a 34 años,173306,78284,95022
Hidalgo,35 a 39 años,159174,73325,85849
Hidalgo,40 a 44 años,135441,63506,71935
Hidalgo,45 a 49 años,116547,55512,61035
Hidalgo,50 a 54 años,93857,45771,48086
Hidalgo,55 a 59 años,73161,35672,37489
Hidalgo,60 a 64 años,65005,31058,33947
Hidalgo,65 a 69 años,46738,22345,24393
Hidalgo,70 a 74 años,35516,16901,18615
Hidalgo,75 a 79 años,25653,12155,13498
Hidalgo,80 a 84 años,16502,7413,9089
Hidalgo,85 a 89 años,9117,3974,5143
Hidalgo,90 a 94 años,3470,1381,2089
Hidalgo,95 a 99 años,1703,628,1075
Hidalgo,100 años y más,621,204,417
Hidalgo,No especificado,29050,14508,14542
Jalisco,Total,6752113,3278822,3473291
Jalisco,0 a 4 años,674285,342642,331643
Jalisco,5 a 9 años,688681,349996,338685
Jalisco,10 a 14 años,697206,354242,342964
Jalisco,15 a 19 años,669724,330944,338780
Jalisco,20 a 24 años,601671,285876,315795
Jalisco,25 a 29 años,523866,246599,277267
Jalisco,30 a 34 años,509541,240566,268975
Jalisco,35 a 39 años,448698,211444,237254
Jalisco,40 a 44 años,379829,179031,200798
Jalisco,45 a 49 años,318734,149555,169179
Jalisco,50 a 54 años,267921,125979,141942
Jalisco,55 a 59 años,208005,99191,108814
Jalisco,60 a 64 años,172579,81797,90782
Jalisco,65 a 69 años,126101,59336,66765
Jalisco,70 a 74 años,96044,44817,51227
Jalisco,75 a 79 años,69383,32186,37197
Jalisco,80 a 84 años,48147,21475,26672
Jalisco,85 a 89 años,27217,12006,15211
Jalisco,90 a 94 años,11502,4926,6576
Jalisco,95 a 99 años,4526,1778,2748
Jalisco,100 años y más,1027,409,618
Jalisco,No especificado,207426,104027,103399
México,Total,14007495,6832822,7174673
México,0 a 4 años,1373064,697889,675175
México,5 a 9 años,1362065,691997,670068
México,10 a 14 años,1410691,713138,697553
México,15 a 19 años,1334112,663064,671048
México,20 a 24 años,1250151,601037,649114
México,25 a 29 años,1152407,546014,606393
México,30 a 34 años,1147320,541872,605448
México,35 a 39 años,1016457,483846,532611
México,40 a 44 años,839324,402414,436910
México,45 a 49 años,682173,325717,356456
México,50 a 54 años,539308,259710,279598
México,55 a 59 años,388919,187632,201287
México,60 a 64 años,305945,145437,160508
México,65 a 69 años,215924,100467,115457
México,70 a 74 años,156324,71808,84516
México,75 a 79 años,102977,46177,56800
México,80 a 84 años,61530,26388,35142
México,85 a 89 años,31282,12505,18777
México,90 a 94 años,11029,3929,7100
México,95 a 99 años,5264,1772,3492
México,100 años y más,1334,376,958
México,No especificado,619895,309633,310262
Michoacán de Ocampo,Total,3966073,1892377,2073696
Michoacán de Ocampo,0 a 4 años,400054,202915,197139
Michoacán de Ocampo,5 a 9 años,426654,215699,210955
Michoacán de Ocampo,10 a 14 años,462479,233342,229137
Michoacán de Ocampo,15 a 19 años,423624,202977,220647
Michoacán de Ocampo,20 a 24 años,332440,147596,184844
Michoacán de Ocampo,25 a 29 años,284690,126561,158129
Michoacán de Ocampo,30 a 34 años,273154,124017,149137
Michoacán de Ocampo,35 a 39 años,247470,112596,134874
Michoacán de Ocampo,40 a 44 años,216455,100356,116099
Michoacán de Ocampo,45 a 49 años,182586,85391,97195
Michoacán de Ocampo,50 a 54 años,153673,72818,80855
Michoacán de Ocampo,55 a 59 años,120402,57263,63139
Michoacán de Ocampo,60 a 64 años,104898,49077,55821
Michoacán de Ocampo,65 a 69 años,84325,39858,44467
Michoacán de Ocampo,70 a 74 años,69195,32843,36352
Michoacán de Ocampo,75 a 79 años,50678,24637,26041
Michoacán de Ocampo,80 a 84 años,33279,15582,17697
Michoacán de Ocampo,85 a 89 años,17681,8382,9299
Michoacán de Ocampo,90 a 94 años,7330,3314,4016
Michoacán de Ocampo,95 a 99 años,3683,1616,2067
Michoacán de Ocampo,100 años y más,1046,427,619
Michoacán de Ocampo,No especificado,70277,35110,35167
Morelos,Total,1612899,775311,837588
Morelos,0 a 4 años,150281,76612,73669
Morelos,5 a 9 años,157253,79931,77322
Morelos,10 a 14 años,168541,85250,83291
Morelos,15 a 19 años,155301,76688,78613
Morelos,20 a 24 años,134191,62002,72189
Morelos,25 a 29 años,119236,54001,65235
Morelos,30 a 34 años,118659,54302,64357
Morelos,35 a 39 años,108333,49588,58745
Morelos,40 a 44 años,94307,44081,50226
Morelos,45 a 49 años,81012,37708,43304
Morelos,50 a 54 años,67341,32058,35283
Morelos,55 a 59 años,51112,24477,26635
Morelos,60 a 64 años,43128,20379,22749
Morelos,65 a 69 años,33653,15527,18126
Morelos,70 a 74 años,26836,12445,14391
Morelos,75 a 79 años,19198,9080,10118
Morelos,80 a 84 años,11620,5406,6214
Morelos,85 a 89 años,5851,2574,3277
Morelos,90 a 94 años,2162,909,1253
Morelos,95 a 99 años,1104,452,652
Morelos,100 años y más,390,157,233
Morelos,No especificado,63390,31684,31706
Nayarit,Total,949684,469204,480480
Nayarit,0 a 4 años,92384,46895,45489
Nayarit,5 a 9 años,96834,49627,47207
Nayarit,10 a 14 años,103122,52426,50696
Nayarit,15 a 19 años,97519,48922,48597
Nayarit,20 a 24 años,79031,37566,41465
Nayarit,25 a 29 años,69847,33028,36819
Nayarit,30 a 34 años,69251,33146,36105
Nayarit,35 a 39 años,62553,30053,32500
Nayarit,40 a 44 años,54176,26110,28066
Nayarit,45 a 49 años,47294,22809,24485
Nayarit,50 a 54 años,39727,19578,20149
Nayarit,55 a 59 años,31623,15747,15876
Nayarit,60 a 64 años,27893,13971,13922
Nayarit,65 a 69 años,21551,10898,10653
Nayarit,70 a 74 años,15830,8126,7704
Nayarit,75 a 79 años,11271,5622,5649
Nayarit,80 a 84 años,7228,3538,3690
Nayarit,85 a 89 años,4184,1991,2193
Nayarit,90 a 94 años,1694,790,904
Nayarit,95 a 99 años,788,378,410
Nayarit,100 años y más,222,109,113
Nayarit,No especificado,15662,7874,7788
Nuevo León,Total,4199292,2090673,2108619
Nuevo León,0 a 4 años,396832,202457,194375
Nuevo León,5 a 9 años,403641,205432,198209
Nuevo León,10 a 14 años,381498,193885,187613
Nuevo León,15 a 19 años,372986,187600,185386
Nuevo León,20 a 24 años,381072,191558,189514
Nuevo León,25 a 29 años,364392,181145,183247
Nuevo León,30 a 34 años,368549,183158,185391
Nuevo León,35 a 39 años,322812,159879,162933
Nuevo León,40 a 44 años,265277,131231,134046
Nuevo León,45 a 49 años,218683,106900,111783
Nuevo León,50 a 54 años,172436,83952,88484
Nuevo León,55 a 59 años,134046,65124,68922
Nuevo León,60 a 64 años,108646,52394,56252
Nuevo León,65 a 69 años,83083,39917,43166
Nuevo León,70 a 74 años,59373,27965,31408
Nuevo León,75 a 79 años,40397,18477,21920
Nuevo León,80 a 84 años,24628,10827,13801
Nuevo León,85 a 89 años,11929,5007,6922
Nuevo León,90 a 94 años,4738,1787,2951
Nuevo León,95 a 99 años,1817,709,1108
Nuevo León,100 años y más,376,143,233
Nuevo León,No especificado,82081,41126,40955
Oaxaca,Total,3506821,1674855,1831966
Oaxaca,0 a 4 años,357272,180883,176389
Oaxaca,5 a 9 años,394779,199744,195035
Oaxaca,10 a 14 años,443980,223625,220355
Oaxaca,15 a 19 años,366868,178035,188833
Oaxaca,20 a 24 años,281999,127254,154745
Oaxaca,25 a 29 años,243386,108120,135266
Oaxaca,30 a 34 años,230648,104049,126599
Oaxaca,35 a 39 años,210256,95780,114476
Oaxaca,40 a 44 años,185440,86072,99368
Oaxaca,45 a 49 años,161350,74758,86592
Oaxaca,50 a 54 años,136431,64181,72250
Oaxaca,55 a 59 años,107316,50555,56761
Oaxaca,60 a 64 años,102856,47633,55223
Oaxaca,65 a 69 años,77317,35777,41540
Oaxaca,70 a 74 años,61759,29226,32533
Oaxaca,75 a 79 años,44826,21403,23423
Oaxaca,80 a 84 años,29144,13547,15597
Oaxaca,85 a 89 años,15726,7149,8577
Oaxaca,90 a 94 años,5751,2498,3253
Oaxaca,95 a 99 años,2870,1217,1653
Oaxaca,100 años y más,992,365,627
Oaxaca,No especificado,45855,22984,22871
Puebla,Total,5383133,2578664,2804469
Puebla,0 a 4 años,579804,293977,285827
Puebla,5 a 9 años,586108,297066,289042
Puebla,10 a 14 años,624075,314797,309278
Puebla,15 a 19 años,548971,268014,280957
Puebla,20 a 24 años,474429,217540,256889
Puebla,25 a 29 años,411939,187990,223949
Puebla,30 a 34 años,384349,176534,207815
Puebla,35 a 39 años,340799,156674,184125
Puebla,40 a 44 años,283374,132012,151362
Puebla,45 a 49 años,242420,112766,129654
Puebla,50 a 54 años,197862,92385,105477
Puebla,55 a 59 años,154041,71906,82135
Puebla,60 a 64 años,133552,61586,71966
Puebla,65 a 69 años,100862,46020,54842
Puebla,70 a 74 años,78396,35821,42575
Puebla,75 a 79 años,58514,26859,31655
Puebla,80 a 84 años,36177,16005,20172
Puebla,85 a 89 años,20730,8886,11844
Puebla,90 a 94 años,7209,2908,4301
Puebla,95 a 99 años,3919,1408,2511
Puebla,100 años y más,1187,373,814
Puebla,No especificado,114416,57137,57279
Querétaro,Total,1598139,772759,825380
Querétaro,0 a 4 años,162841,82781,80060
Querétaro,5 a 9 años,168900,85804,83096
Querétaro,10 a 14 años,178589,89895,88694
Querétaro,15 a 19 años,162541,79047,83494
Querétaro,20 a 24 años,146713,68013,78700
Querétaro,25 a 29 años,130500,60021,70479
Querétaro,30 a 34 años,126438,59116,67322
Querétaro,35 a 39 años,109689,51435,58254
Querétaro,40 a 44 años,91576,43747,47829
Querétaro,45 a 49 años,73238,35138,38100
Querétaro,50 a 54 años,57129,27531,29598
Querétaro,55 a 59 años,40621,19600,21021
Querétaro,60 a 64 años,33692,15806,17886
Querétaro,65 a 69 años,24520,11554,12966
Querétaro,70 a 74 años,18292,8548,9744
Querétaro,75 a 79 años,13166,6057,7109
Querétaro,80 a 84 años,8367,3739,4628
Querétaro,85 a 89 años,4475,1851,2624
Querétaro,90 a 94 años,1700,641,1059
Querétaro,95 a 99 años,840,315,525
Querétaro,100 años y más,184,65,119
Querétaro,No especificado,44128,22055,22073
Quintana Roo,Total,1135309,574837,560472
Quintana Roo,0 a 4 años,107380,54437,52943
Quintana Roo,5 a 9 años,106802,54551,52251
Quintana Roo,10 a 14 años,106745,54091,52654
Quintana Roo,15 a 19 años,102042,51828,50214
Quintana Roo,20 a 24 años,103377,52041,51336
Quintana Roo,25 a 29 años,97203,48401,48802
Quintana Roo,30 a 34 años,93113,46621,46492
Quintana Roo,35 a 39 años,78570,39966,38604
Quintana Roo,40 a 44 años,59687,30565,29122
Quintana Roo,45 a 49 años,43595,22306,21289
Quintana Roo,50 a 54 años,32692,16898,15794
Quintana Roo,55 a 59 años,23000,11898,11102
Quintana Roo,60 a 64 años,16414,8388,8026
Quintana Roo,65 a 69 años,10845,5559,5286
Quintana Roo,70 a 74 años,7226,3713,3513
Quintana Roo,75 a 79 años,4657,2454,2203
Quintana Roo,80 a 84 años,2770,1457,1313
Quintana Roo,85 a 89 años,1499,754,745
Quintana Roo,90 a 94 años,477,248,229
Quintana Roo,95 a 99 años,205,112,93
Quintana Roo,100 años y más,70,46,24
Quintana Roo,No especificado,136940,68503,68437
San Luis Potosí,Total,2410414,1167308,1243106
San Luis Potosí,0 a 4 años,253580,128094,125486
San Luis Potosí,5 a 9 años,266312,135091,131221
San Luis Potosí,10 a 14 años,285397,144282,141115
San Luis Potosí,15 a 19 años,247158,121587,125571
San Luis Potosí,20 a 24 años,198562,91177,107385
San Luis Potosí,25 a 29 años,173849,79474,94375
San Luis Potosí,30 a 34 años,171383,79159,92224
San Luis Potosí,35 a 39 años,155867,72725,83142
San Luis Potosí,40 a 44 años,134538,63383,71155
San Luis Potosí,45 a 49 años,113281,53881,59400
San Luis Potosí,50 a 54 años,92388,44537,47851
San Luis Potosí,55 a 59 años,73276,35625,37651
San Luis Potosí,60 a 64 años,65308,31164,34144
San Luis Potosí,65 a 69 años,51272,24723,26549
San Luis Potosí,70 a 74 años,40409,19645,20764
San Luis Potosí,75 a 79 años,29792,14795,14997
San Luis Potosí,80 a 84 años,19149,9277,9872
San Luis Potosí,85 a 89 años,9094,4254,4840
San Luis Potosí,90 a 94 años,3817,1670,2147
San Luis Potosí,95 a 99 años,1978,831,1147
San Luis Potosí,100 años y más,515,187,328
San Luis Potosí,No especificado,23489,11747,11742
Sinaloa,Total,2608442,1294617,1313825
Sinaloa,0 a 4 años,244907,124872,120035
Sinaloa,5 a 9 años,262539,133821,128718
Sinaloa,10 a 14 años,275179,139909,135270
Sinaloa,15 a 19 años,256624,129543,127081
Sinaloa,20 a 24 años,220179,108293,111886
Sinaloa,25 a 29 años,196928,95435,101493
Sinaloa,30 a 34 años,197089,95801,101288
Sinaloa,35 a 39 años,177043,85905,91138
Sinaloa,40 a 44 años,154173,74352,79821
Sinaloa,45 a 49 años,130129,62475,67654
Sinaloa,50 a 54 años,107972,52869,55103
Sinaloa,55 a 59 años,84875,42299,42576
Sinaloa,60 a 64 años,71711,36009,35702
Sinaloa,65 a 69 años,53783,26831,26952
Sinaloa,70 a 74 años,38183,19176,19007
Sinaloa,75 a 79 años,26535,13077,13458
Sinaloa,80 a 84 años,16422,7701,8721
Sinaloa,85 a 89 años,9116,4071,5045
Sinaloa,90 a 94 años,3405,1468,1937
Sinaloa,95 a 99 años,1432,592,840
Sinaloa,100 años y más,411,163,248
Sinaloa,No especificado,79807,39955,39852
Sonora,Total,2394861,1198154,1196707
Sonora,0 a 4 años,234936,119774,115162
Sonora,5 a 9 años,243250,124307,118943
Sonora,10 a 14 años,240901,122616,118285
Sonora,15 a 19 años,221592,112152,109440
Sonora,20 a 24 años,201924,100958,100966
Sonora,25 a 29 años,190619,94060,96559
Sonora,30 a 34 años,191733,95041,96692
Sonora,35 a 39 años,171077,84559,86518
Sonora,40 a 44 años,147464,72883,74581
Sonora,45 a 49 años,125538,61981,63557
Sonora,50 a 54 años,99848,49577,50271
Sonora,55 a 59 años,74804,37298,37506
Sonora,60 a 64 años,61504,30129,31375
Sonora,65 a 69 años,48362,23795,24567
Sonora,70 a 74 años,33784,16664,17120
Sonora,75 a 79 años,23631,11487,12144
Sonora,80 a 84 años,13538,6420,7118
Sonora,85 a 89 años,6965,3022,3943
Sonora,90 a 94 años,2323,920,1403
Sonora,95 a 99 años,902,350,552
Sonora,100 años y más,214,87,127
Sonora,No especificado,59952,30074,29878
Tabasco,Total,1989969,977785,1012184
Tabasco,0 a 4 años,204327,103987,100340
Tabasco,5 a 9 años,208905,105980,102925
Tabasco,10 a 14 años,222167,112052,110115
Tabasco,15 a 19 años,210055,103853,106202
Tabasco,20 a 24 años,188484,88521,99963
Tabasco,25 a 29 años,166827,77246,89581
Tabasco,30 a 34 años,152970,71854,81116
Tabasco,35 a 39 años,139172,67085,72087
Tabasco,40 a 44 años,116283,57310,58973
Tabasco,45 a 49 años,94231,46877,47354
Tabasco,50 a 54 años,74419,37257,37162
Tabasco,55 a 59 años,53257,26778,26479
Tabasco,60 a 64 años,43088,21273,21815
Tabasco,65 a 69 años,32200,15783,16417
Tabasco,70 a 74 años,24663,12516,12147
Tabasco,75 a 79 años,16749,8456,8293
Tabasco,80 a 84 años,9314,4705,4609
Tabasco,85 a 89 años,5288,2583,2705
Tabasco,90 a 94 años,2051,993,1058
Tabasco,95 a 99 años,1228,605,623
Tabasco,100 años y más,512,216,296
Tabasco,No especificado,23779,11855,11924
Tamaulipas,Total,3024238,1493573,1530665
Tamaulipas,0 a 4 años,294740,149599,145141
Tamaulipas,5 a 9 años,295298,150744,144554
Tamaulipas,10 a 14 años,290402,147498,142904
Tamaulipas,15 a 19 años,274245,138074,136171
Tamaulipas,20 a 24 años,267644,131056,136588
Tamaulipas,25 a 29 años,253314,122825,130489
Tamaulipas,30 a 34 años,248444,120474,127970
Tamaulipas,35 a 39 años,223045,108728,114317
Tamaulipas,40 a 44 años,185155,90750,94405
Tamaulipas,45 a 49 años,150775,73401,77374
Tamaulipas,50 a 54 años,119530,58365,61165
Tamaulipas,55 a 59 años,91480,43967,47513
Tamaulipas,60 a 64 años,77434,36895,40539
Tamaulipas,65 a 69 años,60579,28743,31836
Tamaulipas,70 a 74 años,44260,21037,23223
Tamaulipas,75 a 79 años,30697,14479,16218
Tamaulipas,80 a 84 años,18581,8412,10169
Tamaulipas,85 a 89 años,8759,3889,4870
Tamaulipas,90 a 94 años,3287,1396,1891
Tamaulipas,95 a 99 años,1450,605,845
Tamaulipas,100 años y más,429,162,267
Tamaulipas,No especificado,84690,42474,42216
Tlaxcala,Total,1068207,517477,550730
Tlaxcala,0 a 4 años,114954,58574,56380
Tlaxcala,5 a 9 años,114239,58160,56079
Tlaxcala,10 a 14 años,118450,60021,58429
Tlaxcala,15 a 19 años,108254,53846,54408
Tlaxcala,20 a 24 años,99680,46429,53251
Tlaxcala,25 a 29 años,88678,40707,47971
Tlaxcala,30 a 34 años,81874,37734,44140
Tlaxcala,35 a 39 años,72699,33984,38715
Tlaxcala,40 a 44 años,59577,28186,31391
Tlaxcala,45 a 49 años,48794,22995,25799
Tlaxcala,50 a 54 años,37925,18030,19895
Tlaxcala,55 a 59 años,28757,13902,14855
Tlaxcala,60 a 64 años,24137,11552,12585
Tlaxcala,65 a 69 años,18889,8873,10016
Tlaxcala,70 a 74 años,14576,6904,7672
Tlaxcala,75 a 79 años,11317,5460,5857
Tlaxcala,80 a 84 años,7232,3382,3850
Tlaxcala,85 a 89 años,4171,1922,2249
Tlaxcala,90 a 94 años,1502,664,838
Tlaxcala,95 a 99 años,794,331,463
Tlaxcala,100 años y más,188,69,119
Tlaxcala,No especificado,11520,5752,5768
Veracruz de Ignacio de la Llave,Total,7110214,3423379,3686835
Veracruz de Ignacio de la Llave,0 a 4 años,676902,344371,332531
Veracruz de Ignacio de la Llave,5 a 9 años,720700,366110,354590
Veracruz de Ignacio de la Llave,10 a 14 años,791110,401867,389243
Veracruz de Ignacio de la Llave,15 a 19 años,710167,351004,359163
Veracruz de Ignacio de la Llave,20 a 24 años,582248,269012,313236
Veracruz de Ignacio de la Llave,25 a 29 años,517828,232501,285327
Veracruz de Ignacio de la Llave,30 a 34 años,516830,234539,282291
Veracruz de Ignacio de la Llave,35 a 39 años,496595,229601,266994
Veracruz de Ignacio de la Llave,40 a 44 años,432692,203928,228764
Veracruz de Ignacio de la Llave,45 a 49 años,369611,175365,194246
Veracruz de Ignacio de la Llave,50 a 54 años,310556,148137,162419
Veracruz de Ignacio de la Llave,55 a 59 años,247750,119097,128653
Veracruz de Ignacio de la Llave,60 a 64 años,211512,100645,110867
Veracruz de Ignacio de la Llave,65 a 69 años,159801,75256,84545
Veracruz de Ignacio de la Llave,70 a 74 años,121464,57509,63955
Veracruz de Ignacio de la Llave,75 a 79 años,85434,40350,45084
Veracruz de Ignacio de la Llave,80 a 84 años,50171,23047,27124
Veracruz de Ignacio de la Llave,85 a 89 años,27716,12147,15569
Veracruz de Ignacio de la Llave,90 a 94 años,10668,4500,6168
Veracruz de Ignacio de la Llave,95 a 99 años,5679,2313,3366
Veracruz de Ignacio de la Llave,100 años y más,2115,817,1298
Veracruz de Ignacio de la Llave,No especificado,62665,31263,31402
Yucatán,Total,1818948,896562,922386
Yucatán,0 a 4 años,169575,85966,83609
Yucatán,5 a 9 años,176491,89687,86804
Yucatán,10 a 14 años,188049,95354,92695
Yucatán,15 a 19 años,183960,91950,92010
Yucatán,20 a 24 años,171550,84185,87365
Yucatán,25 a 29 años,147473,71543,75930
Yucatán,30 a 34 años,139475,67053,72422
Yucatán,35 a 39 años,118211,56944,61267
Yucatán,40 a 44 años,103126,49655,53471
Yucatán,45 a 49 años,86897,41778,45119
Yucatán,50 a 54 años,76900,36800,40100
Yucatán,55 a 59 años,61894,30238,31656
Yucatán,60 a 64 años,48236,23013,25223
Yucatán,65 a 69 años,38247,18600,19647
Yucatán,70 a 74 años,28422,13928,14494
Yucatán,75 a 79 años,21195,10674,10521
Yucatán,80 a 84 años,14293,6968,7325
Yucatán,85 a 89 años,8573,4172,4401
Yucatán,90 a 94 años,2818,1289,1529
Yucatán,95 a 99 años,1110,517,593
Yucatán,100 años y más,182,69,113
Yucatán,No especificado,32271,16179,16092
Zacatecas,Total,1367692,659333,708359
Zacatecas,0 a 4 años,143830,73032,70798
Zacatecas,5 a 9 años,148813,75506,73307
Zacatecas,10 a 14 años,156277,79335,76942
Zacatecas,15 a 19 años,145349,70292,75057
Zacatecas,20 a 24 años,112509,50280,62229
Zacatecas,25 a 29 años,99137,44095,55042
Zacatecas,30 a 34 años,97454,45183,52271
Zacatecas,35 a 39 años,89531,41641,47890
Zacatecas,40 a 44 años,76065,35796,40269
Zacatecas,45 a 49 años,62751,29454,33297
Zacatecas,50 a 54 años,50399,24139,26260
Zacatecas,55 a 59 años,40637,19586,21051
Zacatecas,60 a 64 años,37993,18206,19787
Zacatecas,65 a 69 años,30335,14844,15491
Zacatecas,70 a 74 años,24798,12239,12559
Zacatecas,75 a 79 años,18430,9424,9006
Zacatecas,80 a 84 años,12212,5997,6215
Zacatecas,85 a 89 años,6230,2993,3237
Zacatecas,90 a 94 años,2572,1195,1377
Zacatecas,95 a 99 años,1188,517,671
Zacatecas,100 años y más,267,99,168
Zacatecas,No especificado,10915,5480,5435
