Entidad_federativa,Grupo_quinquenal_de_edad,Total,Hombres,Mujeres
Estados Unidos Mexicanos,Total,97483412,47592253,49891159
Estados Unidos Mexicanos,0 a 4 años,10635157,5401306,5233851
Estados Unidos Mexicanos,5 a 9 años,11215323,5677711,5537612
Estados Unidos Mexicanos,10 a 14 años,10736493,5435737,5300756
Estados Unidos Mexicanos,15 a 19 años,9992135,4909648,5082487
Estados Unidos Mexicanos,20 a 24 años,9071134,4303600,4767534
Estados Unidos Mexicanos,25 a 29 años,8157743,3861482,4296261
Estados Unidos Mexicanos,30 a 34 años,7136523,3383356,3753167
Estados Unidos Mexicanos,35 a 39 años,6352538,3023328,3329210
Estados Unidos Mexicanos,40 a 44 años,5194833,2494771,2700062
Estados Unidos Mexicanos,45 a 49 años,4072091,1957177,2114914
Estados Unidos Mexicanos,50 a 54 años,3357953,1624033,1733920
Estados Unidos Mexicanos,55 a 59 años,2559231,1234072,1325159
Estados Unidos Mexicanos,60 a 64 años,2198146,1045404,1152742
Estados Unidos Mexicanos,65 a 69 años,1660785,779666,881119
Estados Unidos Mexicanos,70 a 74 años,1245674,589106,656568
Estados Unidos Mexicanos,75 a 79 años,865270,411197,454073
Estados Unidos Mexicanos,80 a 84 años,483876,217330,266546
Estados Unidos Mexicanos,85 a 89 años,290051,125041,165010
Estados Unidos Mexicanos,90 a 94 años,122006,50843,71163
Estados Unidos Mexicanos,95 a 99 años,62892,25741,37151
Estados Unidos Mexicanos,100 años y más,19757,8029,11728
Estados Unidos Mexicanos,No especificado,2053801,1033675,1020126
Aguascalientes,Total,944285,456533,487752
Aguascalientes,0 a 4 años,116137,58831,57306
Aguascalientes,5 a 9 años,117375,59375,58000
Aguascalientes,10 a 14 años,108532,54930,53602
Aguascalientes,15 a 19 años,99577,48733,50844
Aguascalientes,20 a 24 años,87508,40526,46982
Aguascalientes,25 a 29 años,79200,36461,42739
Aguascalientes,30 a 34 años,70317,32438,37879
Aguascalientes,35 a 39 años,60839,28736,32103
Aguascalientes,40 a 44 años,49365,23383,25982
Aguascalientes,45 a 49 años,37541,17855,19686
Aguascalientes,50 a 54 años,30202,14400,15802
Aguascalientes,55 a 59 años,22094,10638,11456
Aguascalientes,60 a 64 años,17759,8129,9630
Aguascalientes,65 a 69 años,13752,6333,7419
Aguascalientes,70 a 74 años,10714,4901,5813
Aguascalientes,75 a 79 años,7754,3648,4106
Aguascalientes,80 a 84 años,4336,1915,2421
Aguascalientes,85 a 89 años,2726,1185,1541
Aguascalientes,90 a 94 años,1169,466,703
Aguascalientes,95 a 99 años,542,241,301
Aguascalientes,100 años y más,102,44,58
Aguascalientes,No especificado,6744,3365,3379
Baja California,Total,2487367,1252581,1234786
Baja California,0 a 4 años,268682,136979,131703
Baja California,5 a 9 años,260331,132492,127839
Baja California,10 a 14 años,226758,115261,111497
Baja California,15 a 19 años,220707,112046,108661
Baja California,20 a 24 años,231966,115775,116191
Baja California,25 a 29 años,230907,116644,114263
Baja California,30 a 34 años,197807,100728,97079
Baja California,35 a 39 años,165348,83873,81475
Baja California,40 a 44 años,126564,63537,63027
Baja California,45 a 49 años,92839,46040,46799
Baja California,50 a 54 años,73548,36227,37321
Baja California,55 a 59 años,53639,26116,27523
Baja California,60 a 64 años,44174,21414,22760
Baja California,65 a 69 años,32561,15643,16918
Baja California,70 a 74 años,23192,11386,11806
Baja California,75 a 79 años,15403,7530,7873
Baja California,80 a 84 años,8005,3666,4339
Baja California,85 a 89 años,4322,1706,2616
Baja California,90 a 94 años,1675,694,981
Baja California,95 a 99 años,857,340,517
Baja California,100 años y más,266,114,152
Baja California,No especificado,207816,104370,103446
Baja California Sur,Total,424041,216250,207791
Baja California Sur,0 a 4 años,45613,23303,22310
Baja California Sur,5 a 9 años,45929,23414,22515
Baja California Sur,10 a 14 años,43302,22058,21244
Baja California Sur,15 a 19 años,42376,21922,20454
Baja California Sur,20 a 24 años,42278,21345,20933
Baja California Sur,25 a 29 años,40264,20373,19891
Baja California Sur,30 a 34 años,35609,18036,17573
Baja California Sur,35 a 39 años,31282,15778,15504
Baja California Sur,40 a 44 años,25053,12759,12294
Baja California Sur,45 a 49 años,18593,9702,8891
Baja California Sur,50 a 54 años,14109,7329,6780
Baja California Sur,55 a 59 años,10631,5492,5139
Baja California Sur,60 a 64 años,8248,4294,3954
Baja California Sur,65 a 69 años,6145,3169,2976
Baja California Sur,70 a 74 años,4176,2107,2069
Baja California Sur,75 a 79 años,2894,1437,1457
Baja California Sur,80 a 84 años,1725,790,935
Baja California Sur,85 a 89 años,966,408,558
Baja California Sur,90 a 94 años,361,161,200
Baja California Sur,95 a 99 años,221,80,141
Baja California Sur,100 años y más,53,23,30
Baja California Sur,No especificado,4213,2270,1943
Campeche,Total,690689,344334,346355
Campeche,0 a 4 años,78424,39670,38754
Campeche,5 a 9 años,83090,41982,41108
Campeche,10 a 14 años,80246,40529,39717
Campeche,15 a 19 años,73769,36751,37018
Campeche,20 a 24 años,66395,31911,34484
Campeche,25 a 29 años,57599,27661,29938
Campeche,30 a 34 años,50021,24435,25586
Campeche,35 a 39 años,45603,22444,23159
Campeche,40 a 44 años,36088,18061,18027
Campeche,45 a 49 años,28962,14474,14488
Campeche,50 a 54 años,22362,11346,11016
Campeche,55 a 59 años,16699,8540,8159
Campeche,60 a 64 años,14546,7371,7175
Campeche,65 a 69 años,10683,5389,5294
Campeche,70 a 74 años,8374,4412,3962
Campeche,75 a 79 años,5787,3093,2694
Campeche,80 a 84 años,3421,1789,1632
Campeche,85 a 89 años,1777,912,865
Campeche,90 a 94 años,714,370,344
Campeche,95 a 99 años,414,205,209
Campeche,100 años y más,149,79,70
Campeche,No especificado,5566,2910,2656
Coahuila de Zaragoza,Total,2298070,1140195,1157875
Coahuila de Zaragoza,0 a 4 años,253171,129130,124041
Coahuila de Zaragoza,5 a 9 años,257228,130718,126510
Coahuila de Zaragoza,10 a 14 años,234659,119135,115524
Coahuila de Zaragoza,15 a 19 años,225416,113776,111640
Coahuila de Zaragoza,20 a 24 años,223857,110790,113067
Coahuila de Zaragoza,25 a 29 años,204662,99588,105074
Coahuila de Zaragoza,30 a 34 años,179690,86903,92787
Coahuila de Zaragoza,35 a 39 años,157386,76375,81011
Coahuila de Zaragoza,40 a 44 años,128951,63095,65856
Coahuila de Zaragoza,45 a 49 años,98997,48525,50472
Coahuila de Zaragoza,50 a 54 años,82932,40702,42230
Coahuila de Zaragoza,55 a 59 años,63057,30959,32098
Coahuila de Zaragoza,60 a 64 años,53853,26017,27836
Coahuila de Zaragoza,65 a 69 años,39173,18870,20303
Coahuila de Zaragoza,70 a 74 años,28943,13890,15053
Coahuila de Zaragoza,75 a 79 años,19396,9322,10074
Coahuila de Zaragoza,80 a 84 años,10102,4679,5423
Coahuila de Zaragoza,85 a 89 años,6051,2555,3496
Coahuila de Zaragoza,90 a 94 años,2420,991,1429
Coahuila de Zaragoza,95 a 99 años,1027,428,599
Coahuila de Zaragoza,100 años y más,253,87,166
Coahuila de Zaragoza,No especificado,26846,13660,13186
Colima,Total,542627,268192,274435
Colima,0 a 4 años,53295,27427,25868
Colima,5 a 9 años,57165,29298,27867
Colima,10 a 14 años,57422,29057,28365
Colima,15 a 19 años,54826,27289,27537
Colima,20 a 24 años,48878,23281,25597
Colima,25 a 29 años,43310,20598,22712
Colima,30 a 34 años,38024,17968,20056
Colima,35 a 39 años,35524,17173,18351
Colima,40 a 44 años,29529,14500,15029
Colima,45 a 49 años,22683,11218,11465
Colima,50 a 54 años,18269,9096,9173
Colima,55 a 59 años,14053,7006,7047
Colima,60 a 64 años,11339,5529,5810
Colima,65 a 69 años,8777,4211,4566
Colima,70 a 74 años,6599,3297,3302
Colima,75 a 79 años,5086,2532,2554
Colima,80 a 84 años,3129,1474,1655
Colima,85 a 89 años,1879,849,1030
Colima,90 a 94 años,760,332,428
Colima,95 a 99 años,397,180,217
Colima,100 años y más,128,59,69
Colima,No especificado,31555,15818,15737
Chiapas,Total,3920892,1941880,1979012
Chiapas,0 a 4 años,483372,245014,238358
Chiapas,5 a 9 años,518550,261521,257029
Chiapas,10 a 14 años,488791,247331,241460
Chiapas,15 a 19 años,433517,212353,221164
Chiapas,20 a 24 años,361994,172044,189950
Chiapas,25 a 29 años,292960,138292,154668
Chiapas,30 a 34 años,242588,116714,125874
Chiapas,35 a 39 años,226620,109185,117435
Chiapas,40 a 44 años,174699,87135,87564
Chiapas,45 a 49 años,141959,70479,71480
Chiapas,50 a 54 años,110635,56191,54444
Chiapas,55 a 59 años,83843,42296,41547
Chiapas,60 a 64 años,72099,36805,35294
Chiapas,65 a 69 años,49327,24592,24735
Chiapas,70 a 74 años,37597,19429,18168
Chiapas,75 a 79 años,23858,12422,11436
Chiapas,80 a 84 años,14768,7451,7317
Chiapas,85 a 89 años,7712,3817,3895
Chiapas,90 a 94 años,3896,1892,2004
Chiapas,95 a 99 años,2309,1126,1183
Chiapas,100 años y más,1241,611,630
Chiapas,No especificado,148557,75180,73377
Chihuahua,Total,3052907,1519972,1532935
Chihuahua,0 a 4 años,334521,169900,164621
Chihuahua,5 a 9 años,341921,173436,168485
Chihuahua,10 a 14 años,306679,155835,150844
Chihuahua,15 a 19 años,290939,147754,143185
Chihuahua,20 a 24 años,280013,139615,140398
Chihuahua,25 a 29 años,272404,134363,138041
Chihuahua,30 a 34 años,242428,119203,123225
Chihuahua,35 a 39 años,207365,101506,105859
Chihuahua,40 a 44 años,162697,79276,83421
Chihuahua,45 a 49 años,121932,58943,62989
Chihuahua,50 a 54 años,103012,50052,52960
Chihuahua,55 a 59 años,81615,39566,42049
Chihuahua,60 a 64 años,71437,34821,36616
Chihuahua,65 a 69 años,51719,25177,26542
Chihuahua,70 a 74 años,37728,18255,19473
Chihuahua,75 a 79 años,24488,11965,12523
Chihuahua,80 a 84 años,12813,5889,6924
Chihuahua,85 a 89 años,7526,3344,4182
Chihuahua,90 a 94 años,2770,1166,1604
Chihuahua,95 a 99 años,1242,531,711
Chihuahua,100 años y más,329,148,181
Chihuahua,No especificado,97329,49227,48102
Ciudad de México,Total,8605239,4110485,4494754
Ciudad de México,0 a 4 años,737934,375222,362712
Ciudad de México,5 a 9 años,764094,387936,376158
Ciudad de México,10 a 14 años,742986,375369,367617
Ciudad de México,15 a 19 años,798349,390049,408300
Ciudad de México,20 a 24 años,832517,400924,431593
Ciudad de México,25 a 29 años,840487,403311,437176
Ciudad de México,30 a 34 años,731452,346860,384592
Ciudad de México,35 a 39 años,655973,307235,348738
Ciudad de México,40 a 44 años,556565,258920,297645
Ciudad de México,45 a 49 años,441804,203214,238590
Ciudad de México,50 a 54 años,373595,171939,201656
Ciudad de México,55 a 59 años,269845,122660,147185
Ciudad de México,60 a 64 años,227283,99194,128089
Ciudad de México,65 a 69 años,175174,73983,101191
Ciudad de México,70 a 74 años,134345,55057,79288
Ciudad de México,75 a 79 años,92943,38025,54918
Ciudad de México,80 a 84 años,51638,19383,32255
Ciudad de México,85 a 89 años,30845,10712,20133
Ciudad de México,90 a 94 años,12237,3971,8266
Ciudad de México,95 a 99 años,5012,1565,3447
Ciudad de México,100 años y más,1163,413,750
Ciudad de México,No especificado,128998,64543,64455
Durango,Total,1448661,709521,739140
Durango,0 a 4 años,168897,85927,82970
Durango,5 a 9 años,177062,89736,87326
Durango,10 a 14 años,172365,87255,85110
Durango,15 a 19 años,150569,74630,75939
Durango,20 a 24 años,129322,61380,67942
Durango,25 a 29 años,113003,53011,59992
Durango,30 a 34 años,100022,46641,53381
Durango,35 a 39 años,90218,42492,47726
Durango,40 a 44 años,73203,34716,38487
Durango,45 a 49 años,57469,27538,29931
Durango,50 a 54 años,48972,23698,25274
Durango,55 a 59 años,39206,19190,20016
Durango,60 a 64 años,36689,17978,18711
Durango,65 a 69 años,27761,13685,14076
Durango,70 a 74 años,20362,10158,10204
Durango,75 a 79 años,13433,6802,6631
Durango,80 a 84 años,6877,3247,3630
Durango,85 a 89 años,4431,2068,2363
Durango,90 a 94 años,1906,856,1050
Durango,95 a 99 años,886,383,503
Durango,100 años y más,255,104,151
Durango,No especificado,15753,8026,7727
Guanajuato,Total,4663032,2233315,2429717
Guanajuato,0 a 4 años,564593,286535,278058
Guanajuato,5 a 9 años,582207,293238,288969
Guanajuato,10 a 14 años,560147,282245,277902
Guanajuato,15 a 19 años,501053,238000,263053
Guanajuato,20 a 24 años,435713,195148,240565
Guanajuato,25 a 29 años,371568,167169,204399
Guanajuato,30 a 34 años,322249,147304,174945
Guanajuato,35 a 39 años,280637,129610,151027
Guanajuato,40 a 44 años,229441,107801,121640
Guanajuato,45 a 49 años,177786,84189,93597
Guanajuato,50 a 54 años,146282,69721,76561
Guanajuato,55 a 59 años,111802,53119,58683
Guanajuato,60 a 64 años,98676,46357,52319
Guanajuato,65 a 69 años,76586,36029,40557
Guanajuato,70 a 74 años,62089,29690,32399
Guanajuato,75 a 79 años,42290,20215,22075
Guanajuato,80 a 84 años,23925,10852,13073
Guanajuato,85 a 89 años,15706,7049,8657
Guanajuato,90 a 94 años,7235,3143,4092
Guanajuato,95 a 99 años,3680,1528,2152
Guanajuato,100 años y más,878,341,537
Guanajuato,No especificado,48489,24032,24457
Guerrero,Total,3079649,1491287,1588362
Guerrero,0 a 4 años,391873,198055,193818
Guerrero,5 a 9 años,411408,208037,203371
Guerrero,10 a 14 años,394613,199865,194748
Guerrero,15 a 19 años,333331,161191,172140
Guerrero,20 a 24 años,265129,122169,142960
Guerrero,25 a 29 años,215653,99525,116128
Guerrero,30 a 34 años,186082,85746,100336
Guerrero,35 a 39 años,176165,81594,94571
Guerrero,40 a 44 años,142041,67300,74741
Guerrero,45 a 49 años,117329,55640,61689
Guerrero,50 a 54 años,96611,46272,50339
Guerrero,55 a 59 años,76908,36481,40427
Guerrero,60 a 64 años,72841,34344,38497
Guerrero,65 a 69 años,54139,25200,28939
Guerrero,70 a 74 años,42207,20193,22014
Guerrero,75 a 79 años,26950,13153,13797
Guerrero,80 a 84 años,17112,7872,9240
Guerrero,85 a 89 años,9120,4185,4935
Guerrero,90 a 94 años,4558,2034,2524
Guerrero,95 a 99 años,2711,1219,1492
Guerrero,100 años y más,1224,538,686
Guerrero,No especificado,41644,20674,20970
Hidalgo,Total,2235591,1081993,1153598
Hidalgo,0 a 4 años,243558,123609,119949
Hidalgo,5 a 9 años,277830,140645,137185
Hidalgo,10 a 14 años,271378,137272,134106
Hidalgo,15 a 19 años,235368,114428,120940
Hidalgo,20 a 24 años,195771,88949,106822
Hidalgo,25 a 29 años,172960,78718,94242
Hidalgo,30 a 34 años,155351,71301,84050
Hidalgo,35 a 39 años,143447,66909,76538
Hidalgo,40 a 44 años,117852,56602,61250
Hidalgo,45 a 49 años,95309,46488,48821
Hidalgo,50 a 54 años,77766,38145,39621
Hidalgo,55 a 59 años,60808,29879,30929
Hidalgo,60 a 64 años,51719,24910,26809
Hidalgo,65 a 69 años,40119,19103,21016
Hidalgo,70 a 74 años,30440,14494,15946
Hidalgo,75 a 79 años,21911,10518,11393
Hidalgo,80 a 84 años,12770,5727,7043
Hidalgo,85 a 89 años,7406,3139,4267
Hidalgo,90 a 94 años,3268,1274,1994
Hidalgo,95 a 99 años,1835,686,1149
Hidalgo,100 años y más,660,227,433
Hidalgo,No especificado,18065,8970,9095
Jalisco,Total,6322002,3070241,3251761
Jalisco,0 a 4 años,703272,357599,345673
Jalisco,5 a 9 años,720270,365438,354832
Jalisco,10 a 14 años,708813,358780,350033
Jalisco,15 a 19 años,673570,331655,341915
Jalisco,20 a 24 años,589706,276164,313542
Jalisco,25 a 29 años,529194,248483,280711
Jalisco,30 a 34 años,453186,211880,241306
Jalisco,35 a 39 años,397738,186637,211101
Jalisco,40 a 44 años,334653,158651,176002
Jalisco,45 a 49 años,264177,125130,139047
Jalisco,50 a 54 años,224975,107972,117003
Jalisco,55 a 59 años,169779,81869,87910
Jalisco,60 a 64 años,140629,66144,74485
Jalisco,65 a 69 años,108075,50693,57382
Jalisco,70 a 74 años,84182,39184,44998
Jalisco,75 a 79 años,63716,30017,33699
Jalisco,80 a 84 años,39463,17838,21625
Jalisco,85 a 89 años,24151,10772,13379
Jalisco,90 a 94 años,9701,4103,5598
Jalisco,95 a 99 años,4405,1819,2586
Jalisco,100 años y más,1097,427,670
Jalisco,No especificado,77250,38986,38264
México,Total,13096686,6407213,6689473
México,0 a 4 años,1366320,693821,672499
México,5 a 9 años,1447047,731860,715187
México,10 a 14 años,1363554,689319,674235
México,15 a 19 años,1307977,645046,662931
México,20 a 24 años,1250900,600382,650518
México,25 a 29 años,1154041,548872,605169
México,30 a 34 años,1008308,480221,528087
México,35 a 39 años,883172,420989,462183
México,40 a 44 años,706988,341811,365177
México,45 a 49 años,535083,259150,275933
México,50 a 54 años,422987,206575,216412
México,55 a 59 años,303755,147106,156649
México,60 a 64 años,242540,114932,127608
México,65 a 69 años,178159,82133,96026
México,70 a 74 años,123108,56031,67077
México,75 a 79 años,84377,38231,46146
México,80 a 84 años,41618,17412,24206
México,85 a 89 años,25874,10056,15818
México,90 a 94 años,10206,3640,6566
México,95 a 99 años,6030,2107,3923
México,100 años y más,1792,656,1136
México,No especificado,632850,316863,315987
Michoacán de Ocampo,Total,3985667,1911078,2074589
Michoacán de Ocampo,0 a 4 años,453339,229097,224242
Michoacán de Ocampo,5 a 9 años,492453,248571,243882
Michoacán de Ocampo,10 a 14 años,498316,251262,247054
Michoacán de Ocampo,15 a 19 años,436043,207543,228500
Michoacán de Ocampo,20 a 24 años,357857,159888,197969
Michoacán de Ocampo,25 a 29 años,294099,132374,161725
Michoacán de Ocampo,30 a 34 años,255792,115836,139956
Michoacán de Ocampo,35 a 39 años,233456,107652,125804
Michoacán de Ocampo,40 a 44 años,196428,92879,103549
Michoacán de Ocampo,45 a 49 años,154267,73326,80941
Michoacán de Ocampo,50 a 54 años,132493,63146,69347
Michoacán de Ocampo,55 a 59 años,102326,48464,53862
Michoacán de Ocampo,60 a 64 años,94498,44526,49972
Michoacán de Ocampo,65 a 69 años,75177,35293,39884
Michoacán de Ocampo,70 a 74 años,61639,29772,31867
Michoacán de Ocampo,75 a 79 años,42177,20718,21459
Michoacán de Ocampo,80 a 84 años,25242,11868,13374
Michoacán de Ocampo,85 a 89 años,15131,7120,8011
Michoacán de Ocampo,90 a 94 años,6983,3189,3794
Michoacán de Ocampo,95 a 99 años,3764,1592,2172
Michoacán de Ocampo,100 años y más,1216,537,679
Michoacán de Ocampo,No especificado,52971,26425,26546
Morelos,Total,1555296,750799,804497
Morelos,0 a 4 años,160901,81500,79401
Morelos,5 a 9 años,173589,87866,85723
Morelos,10 a 14 años,166002,84615,81387
Morelos,15 a 19 años,156544,76095,80449
Morelos,20 a 24 años,137988,63439,74549
Morelos,25 a 29 años,123189,56284,66905
Morelos,30 a 34 años,109174,50137,59037
Morelos,35 a 39 años,100957,46951,54006
Morelos,40 a 44 años,84779,40113,44666
Morelos,45 a 49 años,66776,32002,34774
Morelos,50 a 54 años,53966,26075,27891
Morelos,55 a 59 años,41813,19884,21929
Morelos,60 a 64 años,36295,16989,19306
Morelos,65 a 69 años,30268,14059,16209
Morelos,70 a 74 años,22033,10422,11611
Morelos,75 a 79 años,15196,7330,7866
Morelos,80 a 84 años,7620,3490,4130
Morelos,85 a 89 años,4953,2138,2815
Morelos,90 a 94 años,2081,912,1169
Morelos,95 a 99 años,1260,541,719
Morelos,100 años y más,409,154,255
Morelos,No especificado,59503,29803,29700
Nayarit,Total,920185,456105,464080
Nayarit,0 a 4 años,100288,51107,49181
Nayarit,5 a 9 años,107577,54727,52850
Nayarit,10 a 14 años,107654,54737,52917
Nayarit,15 a 19 años,97866,49021,48845
Nayarit,20 a 24 años,81566,38786,42780
Nayarit,25 a 29 años,72014,34447,37567
Nayarit,30 a 34 años,62272,29734,32538
Nayarit,35 a 39 años,57414,27608,29806
Nayarit,40 a 44 años,49594,24008,25586
Nayarit,45 a 49 años,40204,19711,20493
Nayarit,50 a 54 años,33520,16820,16700
Nayarit,55 a 59 años,27584,13924,13660
Nayarit,60 a 64 años,23746,11964,11782
Nayarit,65 a 69 años,18487,9317,9170
Nayarit,70 a 74 años,13556,6913,6643
Nayarit,75 a 79 años,9933,4981,4952
Nayarit,80 a 84 años,6070,2902,3168
Nayarit,85 a 89 años,3838,1826,2012
Nayarit,90 a 94 años,1450,682,768
Nayarit,95 a 99 años,680,316,364
Nayarit,100 años y más,238,110,128
Nayarit,No especificado,4634,2464,2170
Nuevo León,Total,3834141,1907939,1926202
Nuevo León,0 a 4 años,396563,201948,194615
Nuevo León,5 a 9 años,385771,196456,189315
Nuevo León,10 a 14 años,355194,180250,174944
Nuevo León,15 a 19 años,373807,187079,186728
Nuevo León,20 a 24 años,391235,195585,195650
Nuevo León,25 a 29 años,369135,183270,185865
Nuevo León,30 a 34 años,322572,158942,163630
Nuevo León,35 a 39 años,272200,134659,137541
Nuevo León,40 a 44 años,224330,110097,114233
Nuevo León,45 a 49 años,168680,82616,86064
Nuevo León,50 a 54 años,144499,70886,73613
Nuevo León,55 a 59 años,109729,53878,55851
Nuevo León,60 a 64 años,92626,44938,47688
Nuevo León,65 a 69 años,65875,31411,34464
Nuevo León,70 a 74 años,48611,22607,26004
Nuevo León,75 a 79 años,33324,15550,17774
Nuevo León,80 a 84 años,17528,7667,9861
Nuevo León,85 a 89 años,10634,4424,6210
Nuevo León,90 a 94 años,4154,1677,2477
Nuevo León,95 a 99 años,1741,664,1077
Nuevo León,100 años y más,380,164,216
Nuevo León,No especificado,45553,23171,22382
Oaxaca,Total,3438765,1657406,1781359
Oaxaca,0 a 4 años,395993,200413,195580
Oaxaca,5 a 9 años,458507,230819,227688
Oaxaca,10 a 14 años,443874,224737,219137
Oaxaca,15 a 19 años,364876,177322,187554
Oaxaca,20 a 24 años,288035,130967,157068
Oaxaca,25 a 29 años,239657,109330,130327
Oaxaca,30 a 34 años,213839,98179,115660
Oaxaca,35 a 39 años,199131,92160,106971
Oaxaca,40 a 44 años,167187,78342,88845
Oaxaca,45 a 49 años,139877,65800,74077
Oaxaca,50 a 54 años,116999,55337,61662
Oaxaca,55 a 59 años,96806,45487,51319
Oaxaca,60 a 64 años,89096,42185,46911
Oaxaca,65 a 69 años,68801,32165,36636
Oaxaca,70 a 74 años,52015,25100,26915
Oaxaca,75 a 79 años,36889,17946,18943
Oaxaca,80 a 84 años,22243,10161,12082
Oaxaca,85 a 89 años,12144,5476,6668
Oaxaca,90 a 94 años,5243,2301,2942
Oaxaca,95 a 99 años,2871,1176,1695
Oaxaca,100 años y más,1013,421,592
Oaxaca,No especificado,23669,11582,12087
Puebla,Total,5076686,2448801,2627885
Puebla,0 a 4 años,578641,293332,285309
Puebla,5 a 9 años,623917,314710,309207
Puebla,10 a 14 años,600452,303571,296881
Puebla,15 a 19 años,532196,258724,273472
Puebla,20 a 24 años,460965,214250,246715
Puebla,25 a 29 años,384326,178237,206089
Puebla,30 a 34 años,332646,153434,179212
Puebla,35 a 39 años,297693,138467,159226
Puebla,40 a 44 años,243578,114420,129158
Puebla,45 a 49 años,197500,92631,104869
Puebla,50 a 54 años,162662,76667,85995
Puebla,55 a 59 años,127639,59810,67829
Puebla,60 a 64 años,111996,51913,60083
Puebla,65 a 69 años,89492,40477,49015
Puebla,70 a 74 años,67351,31233,36118
Puebla,75 a 79 años,48685,22735,25950
Puebla,80 a 84 años,27369,12137,15232
Puebla,85 a 89 años,16421,6957,9464
Puebla,90 a 94 años,7044,2835,4209
Puebla,95 a 99 años,4142,1559,2583
Puebla,100 años y más,1288,421,867
Puebla,No especificado,160683,80281,80402
Querétaro,Total,1404306,680966,723340
Querétaro,0 a 4 años,163581,83110,80471
Querétaro,5 a 9 años,174551,87912,86639
Querétaro,10 a 14 años,164074,82482,81592
Querétaro,15 a 19 años,152906,73825,79081
Querétaro,20 a 24 años,136899,63403,73496
Querétaro,25 a 29 años,119099,55547,63552
Querétaro,30 a 34 años,103722,48193,55529
Querétaro,35 a 39 años,90271,43023,47248
Querétaro,40 a 44 años,72087,34784,37303
Querétaro,45 a 49 años,53778,26143,27635
Querétaro,50 a 54 años,41725,20337,21388
Querétaro,55 a 59 años,31402,15160,16242
Querétaro,60 a 64 años,25807,12175,13632
Querétaro,65 a 69 años,19724,9247,10477
Querétaro,70 a 74 años,15069,7071,7998
Querétaro,75 a 79 años,10678,5062,5616
Querétaro,80 a 84 años,5795,2522,3273
Querétaro,85 a 89 años,3719,1523,2196
Querétaro,90 a 94 años,1683,660,1023
Querétaro,95 a 99 años,868,351,517
Querétaro,100 años y más,231,93,138
Querétaro,No especificado,16637,8343,8294
Quintana Roo,Total,874963,448308,426655
Quintana Roo,0 a 4 años,105575,54075,51500
Quintana Roo,5 a 9 años,105081,53180,51901
Quintana Roo,10 a 14 años,90648,46119,44529
Quintana Roo,15 a 19 años,88870,45249,43621
Quintana Roo,20 a 24 años,94752,47989,46763
Quintana Roo,25 a 29 años,90750,45804,44946
Quintana Roo,30 a 34 años,77734,39932,37802
Quintana Roo,35 a 39 años,61416,31674,29742
Quintana Roo,40 a 44 años,43641,22769,20872
Quintana Roo,45 a 49 años,31473,16553,14920
Quintana Roo,50 a 54 años,23169,12359,10810
Quintana Roo,55 a 59 años,15498,8164,7334
Quintana Roo,60 a 64 años,11995,6274,5721
Quintana Roo,65 a 69 años,7861,4015,3846
Quintana Roo,70 a 74 años,5226,2819,2407
Quintana Roo,75 a 79 años,3641,2027,1614
Quintana Roo,80 a 84 años,1984,1076,908
Quintana Roo,85 a 89 años,1006,537,469
Quintana Roo,90 a 94 años,361,188,173
Quintana Roo,95 a 99 años,227,136,91
Quintana Roo,100 años y más,109,63,46
Quintana Roo,No especificado,13946,7306,6640
San Luis Potosí,Total,2299360,1120837,1178523
San Luis Potosí,0 a 4 años,268764,135872,132892
San Luis Potosí,5 a 9 años,290504,147015,143489
San Luis Potosí,10 a 14 años,277667,140526,137141
San Luis Potosí,15 a 19 años,241303,117718,123585
San Luis Potosí,20 a 24 años,198991,92557,106434
San Luis Potosí,25 a 29 años,173542,80316,93226
San Luis Potosí,30 a 34 años,155396,72232,83164
San Luis Potosí,35 a 39 años,139428,65768,73660
San Luis Potosí,40 a 44 años,115022,55132,59890
San Luis Potosí,45 a 49 años,91334,44117,47217
San Luis Potosí,50 a 54 años,78078,37879,40199
San Luis Potosí,55 a 59 años,62406,30541,31865
San Luis Potosí,60 a 64 años,57657,27835,29822
San Luis Potosí,65 a 69 años,44101,21643,22458
San Luis Potosí,70 a 74 años,34381,17027,17354
San Luis Potosí,75 a 79 años,24001,12027,11974
San Luis Potosí,80 a 84 años,12141,5860,6281
San Luis Potosí,85 a 89 años,8117,3726,4391
San Luis Potosí,90 a 94 años,3908,1718,2190
San Luis Potosí,95 a 99 años,1982,855,1127
San Luis Potosí,100 años y más,580,227,353
San Luis Potosí,No especificado,20057,10246,9811
Sinaloa,Total,2536844,1264143,1272701
Sinaloa,0 a 4 años,280226,142796,137430
Sinaloa,5 a 9 años,293365,148806,144559
Sinaloa,10 a 14 años,282780,144221,138559
Sinaloa,15 a 19 años,267418,134696,132722
Sinaloa,20 a 24 años,240944,118951,121993
Sinaloa,25 a 29 años,211879,102847,109032
Sinaloa,30 a 34 años,182741,88252,94489
Sinaloa,35 a 39 años,165228,79430,85798
Sinaloa,40 a 44 años,140257,68165,72092
Sinaloa,45 a 49 años,108884,53727,55157
Sinaloa,50 a 54 años,91022,45766,45256
Sinaloa,55 a 59 años,72198,36751,35447
Sinaloa,60 a 64 años,60539,30717,29822
Sinaloa,65 a 69 años,43760,21897,21863
Sinaloa,70 a 74 años,32080,16165,15915
Sinaloa,75 a 79 años,22153,10939,11214
Sinaloa,80 a 84 años,13422,6292,7130
Sinaloa,85 a 89 años,7860,3526,4334
Sinaloa,90 a 94 años,2930,1261,1669
Sinaloa,95 a 99 años,1379,609,770
Sinaloa,100 años y más,459,190,269
Sinaloa,No especificado,15320,8139,7181
Sonora,Total,2216969,1110590,1106379
Sonora,0 a 4 años,244619,124895,119724
Sonora,5 a 9 años,246494,125302,121192
Sonora,10 a 14 años,228055,115733,112322
Sonora,15 a 19 años,218530,110432,108098
Sonora,20 a 24 años,210638,104754,105884
Sonora,25 a 29 años,195388,96583,98805
Sonora,30 a 34 años,172782,84967,87815
Sonora,35 a 39 años,154516,76116,78400
Sonora,40 a 44 años,131251,65236,66015
Sonora,45 a 49 años,99234,49469,49765
Sonora,50 a 54 años,80037,40221,39816
Sonora,55 a 59 años,61747,30932,30815
Sonora,60 a 64 años,52615,26211,26404
Sonora,65 a 69 años,38990,19465,19525
Sonora,70 a 74 años,28081,13992,14089
Sonora,75 a 79 años,19133,9546,9587
Sonora,80 a 84 años,10430,4768,5662
Sonora,85 a 89 años,5569,2411,3158
Sonora,90 a 94 años,1964,809,1155
Sonora,95 a 99 años,872,377,495
Sonora,100 años y más,291,128,163
Sonora,No especificado,15733,8243,7490
Tabasco,Total,1891829,934515,957314
Tabasco,0 a 4 años,213787,108402,105385
Tabasco,5 a 9 años,228831,115198,113633
Tabasco,10 a 14 años,228638,115487,113151
Tabasco,15 a 19 años,212731,103712,109019
Tabasco,20 a 24 años,187604,88414,99190
Tabasco,25 a 29 años,159811,75114,84697
Tabasco,30 a 34 años,137071,66120,70951
Tabasco,35 a 39 años,127391,62556,64835
Tabasco,40 a 44 años,97004,48328,48676
Tabasco,45 a 49 años,76068,38312,37756
Tabasco,50 a 54 años,56490,28725,27765
Tabasco,55 a 59 años,42339,21172,21167
Tabasco,60 a 64 años,36344,18246,18098
Tabasco,65 a 69 años,26854,13283,13571
Tabasco,70 a 74 años,18952,9894,9058
Tabasco,75 a 79 años,12879,6724,6155
Tabasco,80 a 84 años,7156,3607,3549
Tabasco,85 a 89 años,4324,2114,2210
Tabasco,90 a 94 años,2081,1015,1066
Tabasco,95 a 99 años,1225,624,601
Tabasco,100 años y más,573,273,300
Tabasco,No especificado,13676,7195,6481
Tamaulipas,Total,2753222,1359874,1393348
Tamaulipas,0 a 4 años,296314,151229,145085
Tamaulipas,5 a 9 años,294747,149746,145001
Tamaulipas,10 a 14 años,270114,137462,132652
Tamaulipas,15 a 19 años,271411,134951,136460
Tamaulipas,20 a 24 años,272292,132737,139555
Tamaulipas,25 a 29 años,252514,122317,130197
Tamaulipas,30 a 34 años,222680,108057,114623
Tamaulipas,35 a 39 años,190906,93099,97807
Tamaulipas,40 a 44 años,154690,75506,79184
Tamaulipas,45 a 49 años,116567,56909,59658
Tamaulipas,50 a 54 años,98820,47668,51152
Tamaulipas,55 a 59 años,76894,37471,39423
Tamaulipas,60 a 64 años,67945,32371,35574
Tamaulipas,65 a 69 años,50474,24123,26351
Tamaulipas,70 a 74 años,36696,17593,19103
Tamaulipas,75 a 79 años,24953,12103,12850
Tamaulipas,80 a 84 años,12307,5559,6748
Tamaulipas,85 a 89 años,7883,3441,4442
Tamaulipas,90 a 94 años,3307,1409,1898
Tamaulipas,95 a 99 años,1680,727,953
Tamaulipas,100 años y más,429,179,250
Tamaulipas,No especificado,29599,15217,14382
Tlaxcala,Total,962646,469948,492698
Tlaxcala,0 a 4 años,108862,55386,53476
Tlaxcala,5 a 9 años,115925,58718,57207
Tlaxcala,10 a 14 años,110488,56118,54370
Tlaxcala,15 a 19 años,106450,52418,54032
Tlaxcala,20 a 24 años,95999,45652,50347
Tlaxcala,25 a 29 años,79360,37296,42064
Tlaxcala,30 a 34 años,69785,32599,37186
Tlaxcala,35 a 39 años,61295,28977,32318
Tlaxcala,40 a 44 años,48701,23243,25458
Tlaxcala,45 a 49 años,36434,17540,18894
Tlaxcala,50 a 54 años,29923,14389,15534
Tlaxcala,55 a 59 años,22869,11097,11772
Tlaxcala,60 a 64 años,20010,9496,10514
Tlaxcala,65 a 69 años,16582,7743,8839
Tlaxcala,70 a 74 años,12377,6038,6339
Tlaxcala,75 a 79 años,9585,4700,4885
Tlaxcala,80 a 84 años,5308,2544,2764
Tlaxcala,85 a 89 años,3366,1531,1835
Tlaxcala,90 a 94 años,1392,623,769
Tlaxcala,95 a 99 años,828,361,467
Tlaxcala,100 años y más,200,68,132
Tlaxcala,No especificado,6907,3411,3496
Veracruz de Ignacio de la Llave,Total,6908975,3355164,3553811
Veracruz de Ignacio de la Llave,0 a 4 años,728473,369566,358907
Veracruz de Ignacio de la Llave,5 a 9 años,812674,412270,400404
Veracruz de Ignacio de la Llave,10 a 14 años,797328,404351,392977
Veracruz de Ignacio de la Llave,15 a 19 años,709056,349083,359973
Veracruz de Ignacio de la Llave,20 a 24 años,593263,274257,319006
Veracruz de Ignacio de la Llave,25 a 29 años,536397,246494,289903
Veracruz de Ignacio de la Llave,30 a 34 años,498825,233227,265598
Veracruz de Ignacio de la Llave,35 a 39 años,459768,217408,242360
Veracruz de Ignacio de la Llave,40 a 44 años,380702,181477,199225
Veracruz de Ignacio de la Llave,45 a 49 años,312790,149441,163349
Veracruz de Ignacio de la Llave,50 a 54 años,259882,125663,134219
Veracruz de Ignacio de la Llave,55 a 59 años,205722,99382,106340
Veracruz de Ignacio de la Llave,60 a 64 años,178582,85264,93318
Veracruz de Ignacio de la Llave,65 a 69 años,132984,62339,70645
Veracruz de Ignacio de la Llave,70 a 74 años,97101,46706,50395
Veracruz de Ignacio de la Llave,75 a 79 años,66604,32117,34487
Veracruz de Ignacio de la Llave,80 a 84 años,36758,16776,19982
Veracruz de Ignacio de la Llave,85 a 89 años,22336,9680,12656
Veracruz de Ignacio de la Llave,90 a 94 años,9608,4171,5437
Veracruz de Ignacio de la Llave,95 a 99 años,5467,2363,3104
Veracruz de Ignacio de la Llave,100 años y más,2261,913,1348
Veracruz de Ignacio de la Llave,No especificado,62394,32216,30178
Yucatán,Total,1658210,818205,840005
Yucatán,0 a 4 años,173213,88088,85125
Yucatán,5 a 9 años,185605,93955,91650
Yucatán,10 a 14 años,183581,92863,90718
Yucatán,15 a 19 años,175320,86908,88412
Yucatán,20 a 24 años,160339,78157,82182
Yucatán,25 a 29 años,136614,65813,70801
Yucatán,30 a 34 años,114882,55218,59664
Yucatán,35 a 39 años,104381,50181,54200
Yucatán,40 a 44 años,87383,42447,44936
Yucatán,45 a 49 años,74855,36168,38687
Yucatán,50 a 54 años,63846,31152,32694
Yucatán,55 a 59 años,47242,22922,24320
Yucatán,60 a 64 años,40706,19687,21019
Yucatán,65 a 69 años,31712,15476,16236
Yucatán,70 a 74 años,24429,12129,12300
Yucatán,75 a 79 años,19372,9775,9597
Yucatán,80 a 84 años,12282,5991,6291
Yucatán,85 a 89 años,6478,3108,3370
Yucatán,90 a 94 años,2419,1138,1281
Yucatán,95 a 99 años,1007,463,544
Yucatán,100 años y más,230,107,123
Yucatán,No especificado,12314,6459,5855
Zacatecas,Total,1353610,653583,700027
Zacatecas,0 a 4 años,156356,79468,76888
Zacatecas,5 a 9 años,164225,83334,80891
Zacatecas,10 a 14 años,171383,86962,84421
Zacatecas,15 a 19 años,145464,69249,76215
Zacatecas,20 a 24 años,119820,53411,66409
Zacatecas,25 a 29 años,101757,46340,55417
Zacatecas,30 a 34 años,91476,41919,49557
Zacatecas,35 a 39 años,79770,37063,42707
Zacatecas,40 a 44 años,64510,30278,34232
Zacatecas,45 a 49 años,50907,24127,26780
Zacatecas,50 a 54 años,44565,21278,23287
Zacatecas,55 a 59 años,37283,18116,19167
Zacatecas,60 a 64 años,33857,16374,17483
Zacatecas,65 a 69 años,27493,13503,13990
Zacatecas,70 a 74 años,22021,11141,10880
Zacatecas,75 a 79 años,15781,8007,7774
Zacatecas,80 a 84 años,8519,4126,4393
Zacatecas,85 a 89 años,5780,2746,3034
Zacatecas,90 a 94 años,2522,1162,1360
Zacatecas,95 a 99 años,1331,589,742
Zacatecas,100 años y más,260,110,150
Zacatecas,No especificado,8530,4280,4250
